42
1
2
1 10 3 9 0 -1
1 13 3 3 0 3
haar_y3
4.677685e-002 0 -1
-1.012983e-001 6.000115e-001 
1
2
4 4 12 12 0 -1
4 8 12 4 0 3
haar_y3
-1.069481e-002 0 -1
-4.727743e-001 1.480039e-001 
1
2
6 9 3 2 0 -1
7 9 1 2 0 3
haar_x3
1.107335e-002 0 -1
-1.082952e-001 5.599226e-001 
1
2
10 9 3 2 0 -1
11 9 1 2 0 3
haar_x3
-5.758246e-003 0 -1
3.833012e-001 -6.367589e-002 
1
2
7 9 3 2 0 -1
8 9 1 2 0 3
haar_x3
4.314953e-003 0 -1
-1.866619e-001 4.043309e-001 
1
2
17 4 2 9 0 -1
17 7 2 3 0 3
haar_y3
3.950101e-002 0 -1
-5.727565e-002 5.560167e-001 
1
2
1 4 2 9 0 -1
1 7 2 3 0 3
haar_y3
3.652499e-002 0 -1
-9.275380e-002 6.940691e-001 
1
2
4 0 13 6 0 -1
4 2 13 2 0 3
haar_y3
4.141481e-002 0 -1
-1.447109e-001 3.127111e-001 
1
2
2 6 3 2 0 -1
2 7 3 1 0 2
haar_y2
-2.737325e-003 0 -1
3.704742e-001 -1.668330e-001 
1
2
10 8 2 2 0 -1
10 8 1 2 0 2
haar_x2
-2.157574e-003 0 -1
2.104469e-001 -1.277313e-001 
1
2
7 8 6 3 0 -1
9 8 2 3 0 3
haar_x3
-1.003848e-002 0 -1
-4.675751e-001 1.228883e-001 
1
2
2 9 16 2 0 -1
2 9 8 2 0 2
haar_x2
-4.605277e-002 0 -1
-9.889266e-001 5.375559e-002 
1
2
0 13 1 3 0 -1
0 14 1 1 0 3
haar_y3
4.038627e-003 0 -1
6.658947e-002 -6.421804e-001 
1
2
8 9 4 3 0 -1
8 9 2 3 0 2
haar_x2
8.503135e-003 0 -1
7.480974e-002 -6.676309e-001 
1
2
1 8 4 1 0 -1
3 8 2 1 0 2
haar_x2
3.328694e-003 0 -1
-1.673021e-001 3.298467e-001 
1
2
11 8 7 4 0 -1
11 10 7 2 0 2
haar_y2
-2.148512e-002 0 -1
-4.056808e-001 5.309220e-002 
1
2
4 16 12 4 0 -1
8 16 4 4 0 3
haar_x3
-1.398787e-002 0 -1
2.116733e-001 -2.024017e-001 
1
2
8 9 6 2 0 -1
10 9 2 2 0 3
haar_x3
1.399373e-002 0 -1
7.194944e-002 -5.189839e-001 
1
2
0 6 2 8 0 -1
1 6 1 8 0 2
haar_x2
1.052727e-002 0 -1
-1.729233e-001 2.693181e-001 
1
2
9 10 3 1 0 -1
10 10 1 1 0 3
haar_x3
-2.561795e-003 0 -1
2.366378e-001 -1.038516e-001 
1
2
4 9 6 2 0 -1
7 9 3 2 0 2
haar_x2
-1.208505e-002 0 -1
-7.625105e-001 6.229711e-002 
1
2
10 9 8 2 0 -1
10 10 8 1 0 2
haar_y2
7.084138e-003 0 -1
5.812712e-002 -3.384249e-001 
1
2
6 10 6 1 0 -1
8 10 2 1 0 3
haar_x3
8.920534e-003 0 -1
6.875440e-002 -6.702286e-001 
1
2
17 5 2 9 0 -1
17 8 2 3 0 3
haar_y3
-1.254047e-002 0 -1
3.184116e-001 -1.350261e-001 
1
2
1 5 3 9 0 -1
1 8 3 3 0 3
haar_y3
7.431027e-002 0 -1
-5.296773e-002 9.310793e-001 
1
2
10 9 8 2 0 -1
10 10 8 1 0 2
haar_y2
7.449700e-004 0 -1
-7.445911e-002 1.275821e-001 
1
2
2 9 8 2 0 -1
2 10 8 1 0 2
haar_y2
-8.532200e-003 0 -1
-5.896041e-001 7.976794e-002 
1
2
16 7 3 6 0 -1
16 9 3 2 0 3
haar_y3
1.793376e-002 0 -1
-9.756555e-002 3.053786e-001 
1
2
1 9 18 3 0 -1
1 10 18 1 0 3
haar_y3
2.648763e-002 0 -1
8.305004e-002 -5.543026e-001 
1
2
9 11 3 1 0 -1
10 11 1 1 0 3
haar_x3
2.316889e-003 0 -1
-9.149222e-002 3.129753e-001 
1
2
8 11 3 1 0 -1
9 11 1 1 0 3
haar_x3
4.043498e-003 0 -1
-1.320556e-001 4.740408e-001 
1
2
10 10 3 2 0 -1
11 10 1 2 0 3
haar_x3
6.215074e-003 0 -1
-7.178914e-002 2.408713e-001 
1
2
7 10 3 2 0 -1
8 10 1 2 0 3
haar_x3
7.401295e-003 0 -1
-9.790670e-002 4.977290e-001 
1
2
7 9 6 2 0 -1
9 9 2 2 0 3
haar_x3
-1.496840e-002 0 -1
-7.283926e-001 7.931957e-002 
1
2
8 7 2 2 0 -1
9 7 1 2 0 2
haar_x2
4.526257e-003 0 -1
-1.151457e-001 4.817745e-001 
1
2
8 9 6 2 0 -1
8 9 3 2 0 2
haar_x2
-1.592912e-002 0 -1
-4.972574e-001 3.822406e-002 
1
2
2 12 3 6 0 -1
2 14 3 2 0 3
haar_y3
2.751159e-002 0 -1
-7.801294e-002 5.847986e-001 
1
2
17 8 2 9 0 -1
17 11 2 3 0 3
haar_y3
3.447685e-002 0 -1
-4.363561e-002 3.854083e-001 
1
2
7 2 6 2 0 -1
7 3 6 1 0 2
haar_y2
-9.193588e-003 0 -1
4.492038e-001 -9.081592e-002 
1
2
2 2 16 6 0 -1
2 4 16 2 0 3
haar_y3
6.022857e-002 0 -1
-8.407173e-002 5.411142e-001 
1
2
0 8 4 9 0 -1
0 11 4 3 0 3
haar_y3
6.821799e-002 0 -1
-5.086410e-002 7.325319e-001 
1
2
2 7 17 12 0 -1
2 11 17 4 0 3
haar_y3
3.975599e-002 0 -1
1.391367e-001 -2.403230e-001 
-1.225623e+000

6
-1
