35
1
2
7 9 3 2 0 -1
8 9 1 2 0 3
haar_x3
-7.066244e-003 0 -1
5.433119e-001 -1.458802e-001 
1
2
7 9 9 2 0 -1
10 9 3 2 0 3
haar_x3
2.679389e-002 0 -1
6.634228e-002 -7.742851e-001 
1
2
4 9 9 2 0 -1
7 9 3 2 0 3
haar_x3
2.043849e-002 0 -1
1.020262e-001 -7.905919e-001 
1
2
8 4 5 6 0 -1
8 7 5 3 0 2
haar_y2
2.659575e-002 0 -1
-1.830633e-001 3.076258e-001 
1
2
8 10 2 1 0 -1
9 10 1 1 0 2
haar_x2
-1.935928e-003 0 -1
4.314745e-001 -1.831665e-001 
1
2
5 9 10 6 0 -1
5 11 10 2 0 3
haar_y3
1.032937e-002 0 -1
-2.353855e-001 2.569222e-001 
1
2
3 10 11 2 0 -1
3 11 11 1 0 2
haar_y2
8.787969e-003 0 -1
1.030790e-001 -6.788852e-001 
1
2
18 5 2 12 0 -1
18 5 1 12 0 2
haar_x2
9.363187e-003 0 -1
-2.108214e-001 3.023253e-001 
1
2
6 10 6 1 0 -1
9 10 3 1 0 2
haar_x2
-5.407497e-003 0 -1
-6.739354e-001 6.854159e-002 
1
2
6 7 8 6 0 -1
6 7 4 6 0 2
haar_x2
-4.311877e-002 0 -1
-6.157043e-001 7.381572e-002 
1
2
0 6 2 10 0 -1
1 6 1 10 0 2
haar_x2
6.769495e-003 0 -1
-2.578961e-001 2.000789e-001 
1
2
11 10 3 1 0 -1
12 10 1 1 0 3
haar_x3
-2.279405e-003 0 -1
2.534916e-001 -1.298621e-001 
1
2
6 10 3 1 0 -1
7 10 1 1 0 3
haar_x3
2.761580e-003 0 -1
-1.560905e-001 3.561639e-001 
1
3
14 4 4 14 0 -1
16 4 2 7 0 2
14 11 2 7 0 2
haar_x2_y2
2.338455e-002 0 -1
-7.004534e-002 2.165260e-001 
1
3
2 4 4 14 0 -1
2 4 2 7 0 2
4 11 2 7 0 2
haar_x2_y2
3.050948e-002 0 -1
-1.430980e-001 3.959676e-001 
1
2
3 0 16 4 0 -1
3 2 16 2 0 2
haar_y2
3.133952e-002 0 -1
-1.456623e-001 3.194393e-001 
1
3
1 5 6 8 0 -1
1 5 3 4 0 2
4 9 3 4 0 2
haar_x2_y2
-6.163420e-002 0 -1
8.555270e-001 -6.260388e-002 
1
2
7 8 6 3 0 -1
9 8 2 3 0 3
haar_x3
2.041560e-002 0 -1
7.448566e-002 -8.591707e-001 
1
2
5 9 6 4 0 -1
7 9 2 4 0 3
haar_x3
2.172459e-002 0 -1
7.477459e-002 -6.811960e-001 
1
2
9 8 2 2 0 -1
9 8 1 2 0 2
haar_x2
2.711231e-003 0 -1
-1.380025e-001 3.223899e-001 
1
2
8 8 3 2 0 -1
9 8 1 2 0 3
haar_x3
-5.857353e-003 0 -1
4.595509e-001 -1.032089e-001 
1
2
7 11 6 2 0 -1
9 11 2 2 0 3
haar_x3
1.766024e-002 0 -1
6.998602e-002 -6.683353e-001 
1
2
2 8 8 4 0 -1
2 10 8 2 0 2
haar_y2
-2.508646e-002 0 -1
-5.917838e-001 6.775148e-002 
1
2
9 8 3 5 0 -1
10 8 1 5 0 3
haar_x3
-6.452692e-003 0 -1
1.480495e-001 -1.014252e-001 
1
2
5 10 6 3 0 -1
8 10 3 3 0 2
haar_x2
-7.548614e-003 0 -1
-3.807862e-001 1.206399e-001 
1
3
9 15 8 4 0 -1
13 15 4 2 0 2
9 17 4 2 0 2
haar_x2_y2
2.258271e-002 0 -1
-8.217823e-002 3.949913e-001 
1
2
3 9 10 1 0 -1
8 9 5 1 0 2
haar_x2
7.584889e-003 0 -1
1.151143e-001 -4.208184e-001 
1
2
9 8 3 3 0 -1
9 9 3 1 0 3
haar_y3
-1.324833e-002 0 -1
-7.409601e-001 2.979342e-002 
1
2
1 6 2 9 0 -1
1 9 2 3 0 3
haar_y3
-1.268602e-002 0 -1
2.834884e-001 -1.563435e-001 
1
2
9 16 3 2 0 -1
10 16 1 2 0 3
haar_x3
1.448536e-002 0 -1
1.442027e-002 -5.655977e-001 
1
2
7 12 3 1 0 -1
8 12 1 1 0 3
haar_x3
-3.385116e-003 0 -1
3.861006e-001 -1.209369e-001 
1
3
16 18 2 2 0 -1
17 18 1 1 0 2
16 19 1 1 0 2
haar_x2_y2
2.675927e-003 0 -1
4.883056e-002 -4.716306e-001 
1
2
8 16 3 2 0 -1
9 16 1 2 0 3
haar_x3
-6.986550e-003 0 -1
-5.817820e-001 7.156979e-002 
1
2
14 7 3 7 0 -1
15 7 1 7 0 3
haar_x3
-2.414176e-002 0 -1
-4.005302e-001 2.066061e-002 
1
2
3 7 3 7 0 -1
4 7 1 7 0 3
haar_x3
-2.345349e-002 0 -1
-7.733393e-001 5.315477e-002 
-1.261021e+000

5
-1
