15
1
2
0 4 2 13 0 -1
1 4 1 13 0 2
haar_x2
9.405032e-003 0 -1
-4.023592e-001 5.796759e-001 
1
2
8 4 4 12 0 -1
8 8 4 4 0 3
haar_y3
9.083643e-003 0 -1
-4.977979e-001 3.627176e-001 
1
2
6 10 3 1 0 -1
7 10 1 1 0 3
haar_x3
2.769539e-003 0 -1
-2.356701e-001 5.373806e-001 
1
2
1 9 18 3 0 -1
1 9 9 3 0 2
haar_x2
3.081662e-002 0 -1
1.577202e-001 -6.894265e-001 
1
2
3 8 12 4 0 -1
9 8 6 4 0 2
haar_x2
5.623063e-002 0 -1
1.162436e-001 -9.191659e-001 
1
2
14 3 6 8 0 -1
16 3 2 8 0 3
haar_x3
1.078390e-002 0 -1
-2.680509e-001 2.902629e-001 
1
2
0 3 6 8 0 -1
2 3 2 8 0 3
haar_x3
2.268025e-002 0 -1
-2.384126e-001 4.548997e-001 
1
2
9 8 3 1 0 -1
10 8 1 1 0 3
haar_x3
-2.670525e-003 0 -1
5.832462e-001 -2.266732e-001 
1
2
6 7 6 6 0 -1
9 7 3 6 0 2
haar_x2
-1.792644e-002 0 -1
-6.821337e-001 1.627735e-001 
1
2
5 18 12 2 0 -1
5 19 12 1 0 2
haar_y2
-1.021024e-002 0 -1
4.037791e-001 -1.885577e-001 
1
2
7 9 3 2 0 -1
8 9 1 2 0 3
haar_x3
3.514505e-003 0 -1
-1.989859e-001 5.009921e-001 
1
2
6 8 9 3 0 -1
9 8 3 3 0 3
haar_x3
2.251239e-002 0 -1
1.103537e-001 -5.523215e-001 
1
2
8 9 3 3 0 -1
9 9 1 3 0 3
haar_x3
3.551061e-003 0 -1
-2.460529e-001 4.664515e-001 
1
3
6 6 12 2 0 -1
12 6 6 1 0 2
6 7 6 1 0 2
haar_x2_y2
1.581135e-002 0 -1
-4.235623e-002 4.082792e-001 
1
3
2 6 12 2 0 -1
2 6 6 1 0 2
8 7 6 1 0 2
haar_x2_y2
7.190433e-003 0 -1
-1.796947e-001 4.687093e-001 
-1.551638e+000

-1
-1
