40
1
2
4 4 12 8 0 -1
4 8 12 4 0 2
haar_y2
-1.077255e-002 0 -1
-4.475832e-001 1.961638e-001 
1
2
12 10 3 1 0 -1
13 10 1 1 0 3
haar_x3
5.073175e-003 0 -1
-8.117879e-002 3.942874e-001 
1
2
7 10 2 1 0 -1
8 10 1 1 0 2
haar_x2
-1.968832e-003 0 -1
3.890106e-001 -1.540541e-001 
1
2
10 9 3 2 0 -1
11 9 1 2 0 3
haar_x3
-3.319451e-003 0 -1
2.400657e-001 -8.244964e-002 
1
2
7 9 3 2 0 -1
8 9 1 2 0 3
haar_x3
7.275684e-003 0 -1
-1.451780e-001 4.493132e-001 
1
3
6 15 10 4 0 -1
11 15 5 2 0 2
6 17 5 2 0 2
haar_x2_y2
3.233937e-002 0 -1
-4.443812e-002 4.386567e-001 
1
3
4 15 10 4 0 -1
4 15 5 2 0 2
9 17 5 2 0 2
haar_x2_y2
3.209054e-002 0 -1
-1.159106e-001 6.363452e-001 
1
2
7 9 6 3 0 -1
7 10 6 1 0 3
haar_y3
-1.084351e-002 0 -1
-7.884480e-001 8.166394e-002 
1
3
2 14 12 4 0 -1
2 14 6 2 0 2
8 16 6 2 0 2
haar_x2_y2
-1.516039e-002 0 -1
3.772790e-001 -1.284580e-001 
1
2
16 10 2 9 0 -1
16 13 2 3 0 3
haar_y3
2.506888e-002 0 -1
-6.181676e-002 3.162286e-001 
1
2
2 10 2 9 0 -1
2 13 2 3 0 3
haar_y3
3.381775e-002 0 -1
-1.025093e-001 5.592509e-001 
1
3
13 7 6 8 0 -1
16 7 3 4 0 2
13 11 3 4 0 2
haar_x2_y2
6.068641e-002 0 -1
-3.243234e-002 7.467736e-001 
1
3
1 7 6 8 0 -1
1 7 3 4 0 2
4 11 3 4 0 2
haar_x2_y2
4.352079e-002 0 -1
-8.235808e-002 5.952296e-001 
1
2
12 0 6 6 0 -1
12 2 6 2 0 3
haar_y3
4.115343e-002 0 -1
-4.714578e-002 3.146168e-001 
1
3
1 2 18 4 0 -1
1 2 9 2 0 2
10 4 9 2 0 2
haar_x2_y2
3.160174e-002 0 -1
-1.288158e-001 4.815288e-001 
1
3
13 4 6 10 0 -1
16 4 3 5 0 2
13 9 3 5 0 2
haar_x2_y2
-5.913202e-002 0 -1
5.746543e-001 -5.172860e-002 
1
3
1 4 6 10 0 -1
1 4 3 5 0 2
4 9 3 5 0 2
haar_x2_y2
-4.138676e-002 0 -1
5.533781e-001 -9.535221e-002 
1
2
3 12 14 6 0 -1
3 14 14 2 0 3
haar_y3
-5.349038e-002 0 -1
4.210657e-001 -1.225830e-001 
1
3
0 14 2 2 0 -1
0 14 1 1 0 2
1 15 1 1 0 2
haar_x2_y2
-2.018366e-003 0 -1
-4.316576e-001 1.115923e-001 
1
2
8 9 8 1 0 -1
8 9 4 1 0 2
haar_x2
-1.066511e-002 0 -1
-4.648150e-001 3.805680e-002 
1
2
4 9 8 1 0 -1
8 9 4 1 0 2
haar_x2
7.793709e-003 0 -1
9.392798e-002 -5.177042e-001 
1
2
14 4 4 6 0 -1
14 4 2 6 0 2
haar_x2
-5.585600e-003 0 -1
1.047717e-001 -1.160774e-001 
1
2
2 4 4 6 0 -1
4 4 2 6 0 2
haar_x2
-2.064044e-002 0 -1
3.566207e-001 -1.377860e-001 
1
2
2 9 16 2 0 -1
2 9 8 2 0 2
haar_x2
2.335382e-002 0 -1
7.265811e-002 -6.295761e-001 
1
3
9 8 2 10 0 -1
9 8 1 5 0 2
10 13 1 5 0 2
haar_x2_y2
4.214669e-003 0 -1
-1.633568e-001 2.790186e-001 
1
2
1 11 18 2 0 -1
1 11 9 2 0 2
haar_x2
-2.964241e-002 0 -1
-4.600317e-001 1.053339e-001 
1
2
7 9 6 2 0 -1
9 9 2 2 0 3
haar_x3
1.020020e-002 0 -1
6.276918e-002 -6.139609e-001 
1
3
11 6 8 6 0 -1
15 6 4 3 0 2
11 9 4 3 0 2
haar_x2_y2
-6.241261e-002 0 -1
7.370616e-001 -2.641741e-002 
1
3
1 6 8 6 0 -1
1 6 4 3 0 2
5 9 4 3 0 2
haar_x2_y2
-4.884685e-002 0 -1
8.014885e-001 -4.441337e-002 
1
2
16 5 3 12 0 -1
16 9 3 4 0 3
haar_y3
-1.486625e-002 0 -1
1.543075e-001 -7.111845e-002 
1
2
2 13 5 2 0 -1
2 14 5 1 0 2
haar_y2
2.662314e-003 0 -1
-1.650891e-001 2.722527e-001 
1
2
15 9 4 2 0 -1
15 9 2 2 0 2
haar_x2
5.741254e-003 0 -1
-1.099612e-001 2.876228e-001 
1
2
7 11 3 3 0 -1
7 12 3 1 0 3
haar_y3
1.059547e-002 0 -1
5.855037e-002 -7.614542e-001 
1
3
15 0 4 2 0 -1
17 0 2 1 0 2
15 1 2 1 0 2
haar_x2_y2
-7.170672e-003 0 -1
-5.876457e-001 2.210263e-002 
1
3
2 18 2 2 0 -1
2 18 1 1 0 2
3 19 1 1 0 2
haar_x2_y2
3.493831e-003 0 -1
5.818679e-002 -6.962919e-001 
1
2
10 16 3 1 0 -1
11 16 1 1 0 3
haar_x3
6.510109e-003 0 -1
2.008722e-002 -7.967262e-001 
1
2
7 16 3 1 0 -1
8 16 1 1 0 3
haar_x3
-3.429604e-003 0 -1
-5.112627e-001 8.320219e-002 
1
2
11 9 2 1 0 -1
11 9 1 1 0 2
haar_x2
1.080942e-003 0 -1
-1.279295e-001 2.319052e-001 
1
2
3 12 4 1 0 -1
5 12 2 1 0 2
haar_x2
4.473802e-004 0 -1
-1.783573e-001 2.352585e-001 
1
2
16 7 3 6 0 -1
16 9 3 2 0 3
haar_y3
3.357952e-002 0 -1
-4.345531e-002 5.021614e-001 
-1.147415e+000

7
-1
