410
1
2
4 5 11 6 0 -1
4 8 11 3 0 2
haar_y2
1.925646e-002 0 -1
-3.118546e-001 2.910881e-001 
1
2
10 9 3 2 0 -1
11 9 1 2 0 3
haar_x3
5.129885e-003 0 -1
-1.061996e-001 2.457034e-001 
1
2
6 9 3 2 0 -1
7 9 1 2 0 3
haar_x3
8.381042e-003 0 -1
-1.383207e-001 4.605156e-001 
1
2
10 9 3 3 0 -1
11 9 1 3 0 3
haar_x3
-7.591732e-003 0 -1
3.010194e-001 -7.483939e-002 
1
2
7 9 3 2 0 -1
8 9 1 2 0 3
haar_x3
7.306272e-003 0 -1
-1.470434e-001 5.142211e-001 
1
2
9 9 3 3 0 -1
10 9 1 3 0 3
haar_x3
-8.245698e-003 0 -1
3.256717e-001 -1.148447e-001 
1
2
7 9 6 2 0 -1
9 9 2 2 0 3
haar_x3
-9.071765e-003 0 -1
-5.707603e-001 1.284585e-001 
1
2
17 2 2 12 0 -1
17 6 2 4 0 3
haar_y3
6.319039e-002 0 -1
-6.523911e-002 5.790217e-001 
1
2
1 2 2 12 0 -1
1 6 2 4 0 3
haar_y3
4.743825e-002 0 -1
-1.156874e-001 6.157751e-001 
1
2
6 11 8 4 0 -1
6 13 8 2 0 2
haar_y2
-1.312979e-002 0 -1
2.677259e-001 -2.668039e-001 
1
2
1 0 17 4 0 -1
1 2 17 2 0 2
haar_y2
1.386854e-002 0 -1
-2.283927e-001 2.711406e-001 
1
2
10 8 8 7 0 -1
10 8 4 7 0 2
haar_x2
-3.551671e-003 0 -1
1.155416e-001 -1.595722e-001 
1
3
5 7 2 6 0 -1
5 7 1 3 0 2
6 10 1 3 0 2
haar_x2_y2
-2.576417e-003 0 -1
3.186650e-001 -1.697611e-001 
1
2
10 8 9 1 0 -1
13 8 3 1 0 3
haar_x3
1.233815e-003 0 -1
-1.086755e-001 1.773849e-001 
1
2
0 5 4 9 0 -1
0 8 4 3 0 3
haar_y3
-1.328224e-003 0 -1
2.304897e-001 -2.546020e-001 
1
2
14 3 5 6 0 -1
14 5 5 2 0 3
haar_y3
5.557439e-002 0 -1
-3.582241e-002 5.918114e-001 
1
2
0 3 2 16 0 -1
1 3 1 16 0 2
haar_x2
2.116058e-003 0 -1
-3.826476e-001 1.564273e-001 
1
2
16 9 2 6 0 -1
16 11 2 2 0 3
haar_y3
-7.231640e-003 0 -1
2.861505e-001 -1.979056e-001 
1
2
1 3 5 6 0 -1
1 5 5 2 0 3
haar_y3
-1.165232e-002 0 -1
4.046466e-001 -1.568499e-001 
1
2
10 8 2 1 0 -1
10 8 1 1 0 2
haar_x2
-3.262759e-004 0 -1
2.205559e-001 -1.735008e-001 
1
2
8 11 3 2 0 -1
9 11 1 2 0 3
haar_x3
2.521246e-003 0 -1
-1.879272e-001 2.962916e-001 
1
2
1 18 19 2 0 -1
1 19 19 1 0 2
haar_y2
-7.380304e-003 0 -1
2.624182e-001 -2.150195e-001 
1
3
0 10 6 8 0 -1
0 10 3 4 0 2
3 14 3 4 0 2
haar_x2_y2
2.289509e-003 0 -1
-2.194166e-001 2.677369e-001 
1
2
13 6 2 3 0 -1
13 7 2 1 0 3
haar_y3
1.256001e-003 0 -1
-1.393644e-001 1.490274e-001 
1
2
5 6 2 3 0 -1
5 7 2 1 0 3
haar_y3
-1.399535e-003 0 -1
3.255227e-001 -2.421503e-001 
1
2
16 8 3 9 0 -1
16 11 3 3 0 3
haar_y3
6.225859e-002 0 -1
-3.007014e-002 7.664059e-001 
1
2
9 5 2 6 0 -1
9 7 2 2 0 3
haar_y3
3.188270e-004 0 -1
-3.841968e-001 2.500423e-001 
1
2
16 9 2 6 0 -1
16 11 2 2 0 3
haar_y3
-1.336419e-004 0 -1
1.752894e-001 -3.359990e-001 
1
2
8 8 4 9 0 -1
8 11 4 3 0 3
haar_y3
1.909229e-003 0 -1
-3.175732e-001 3.543764e-001 
1
2
16 9 2 6 0 -1
16 11 2 2 0 3
haar_y3
2.295164e-004 0 -1
-3.779862e-001 3.880616e-001 
1
2
3 10 14 4 0 -1
3 12 14 2 0 2
haar_y2
-1.628208e-004 0 -1
2.542821e-001 -5.654100e-001 
1
2
5 11 12 2 0 -1
5 12 12 1 0 2
haar_y2
1.545481e-003 0 -1
-2.187652e-001 4.471245e-001 
1
2
4 3 10 1 0 -1
9 3 5 1 0 2
haar_x2
-2.390012e-005 0 -1
3.618175e-001 -4.436834e-001 
1
2
6 3 10 1 0 -1
6 3 5 1 0 2
haar_x2
-1.230320e-003 0 -1
3.610098e-001 -2.423684e-001 
1
2
2 8 8 7 0 -1
6 8 4 7 0 2
haar_x2
-1.396794e-003 0 -1
3.162029e-001 -3.690475e-001 
1
2
14 11 4 1 0 -1
14 11 2 1 0 2
haar_x2
5.984379e-004 0 -1
-2.307095e-001 2.761708e-001 
1
2
2 11 4 1 0 -1
4 11 2 1 0 2
haar_x2
1.318796e-003 0 -1
-3.159746e-001 3.938508e-001 
1
2
12 10 6 5 0 -1
14 10 2 5 0 3
haar_x3
-9.181174e-005 0 -1
2.184702e-001 -3.438370e-001 
1
2
2 10 6 5 0 -1
4 10 2 5 0 3
haar_x3
-1.140847e-003 0 -1
4.069647e-001 -3.242170e-001 
1
2
4 2 15 3 0 -1
9 2 5 3 0 3
haar_x3
6.192616e-002 0 -1
-6.636453e-002 5.639518e-001 
1
2
4 11 11 6 0 -1
4 14 11 3 0 2
haar_y2
1.597437e-004 0 -1
-3.206521e-001 3.892942e-001 
1
2
6 11 10 6 0 -1
6 14 10 3 0 2
haar_y2
-9.780522e-003 0 -1
3.388692e-001 -4.239273e-001 
1
2
2 12 16 4 0 -1
2 14 16 2 0 2
haar_y2
1.193734e-004 0 -1
-2.601465e-001 4.496100e-001 
1
2
6 12 12 4 0 -1
6 14 12 2 0 2
haar_y2
-5.726957e-004 0 -1
2.122191e-001 -3.759449e-001 
1
3
1 12 18 4 0 -1
1 12 9 2 0 2
10 14 9 2 0 2
haar_x2_y2
6.162683e-004 0 -1
-3.162999e-001 4.243844e-001 
1
2
12 12 6 2 0 -1
14 12 2 2 0 3
haar_x3
1.577589e-004 0 -1
-3.459790e-001 2.551322e-001 
1
2
2 12 6 2 0 -1
4 12 2 2 0 3
haar_x3
8.999396e-005 0 -1
-4.910491e-001 4.261297e-001 
1
2
12 12 6 2 0 -1
14 12 2 2 0 3
haar_x3
-2.638893e-005 0 -1
5.028819e-001 -6.215016e-001 
1
2
2 11 4 7 0 -1
4 11 2 7 0 2
haar_x2
-4.323981e-003 0 -1
5.292505e-001 -4.462089e-001 
1
2
13 14 6 3 0 -1
13 14 3 3 0 2
haar_x2
8.658666e-003 0 -1
-1.465607e-001 4.441581e-001 
1
2
1 8 4 9 0 -1
1 11 4 3 0 3
haar_y3
-3.460236e-003 0 -1
4.751887e-001 -4.518148e-001 
1
3
8 12 12 6 0 -1
14 12 6 3 0 2
8 15 6 3 0 2
haar_x2_y2
2.078013e-003 0 -1
-2.627094e-001 4.503199e-001 
1
3
0 11 10 8 0 -1
0 11 5 4 0 2
5 15 5 4 0 2
haar_x2_y2
2.062675e-004 0 -1
-4.854560e-001 3.827739e-001 
1
2
1 16 18 2 0 -1
7 16 6 2 0 3
haar_x3
-1.809487e-002 0 -1
4.609807e-001 -5.246009e-001 
1
2
0 9 15 2 0 -1
5 9 5 2 0 3
haar_x3
9.033452e-004 0 -1
-3.692269e-001 5.257636e-001 
1
2
4 9 12 3 0 -1
4 9 6 3 0 2
haar_x2
-2.624532e-005 0 -1
3.786666e-001 -6.165380e-001 
1
2
4 9 12 3 0 -1
10 9 6 3 0 2
haar_x2
-1.581226e-004 0 -1
5.439295e-001 -3.283833e-001 
1
2
4 9 12 2 0 -1
4 9 6 2 0 2
haar_x2
-5.016006e-005 0 -1
3.643272e-001 -3.447334e-001 
1
2
3 14 12 4 0 -1
7 14 4 4 0 3
haar_x3
8.158675e-003 0 -1
-2.116505e-001 5.187663e-001 
1
3
2 14 16 2 0 -1
10 14 8 1 0 2
2 15 8 1 0 2
haar_x2_y2
-6.133132e-005 0 -1
3.191264e-001 -4.283188e-001 
1
2
4 3 12 8 0 -1
10 3 6 8 0 2
haar_x2
-2.491336e-005 0 -1
3.855762e-001 -2.809184e-001 
1
3
6 14 12 2 0 -1
12 14 6 1 0 2
6 15 6 1 0 2
haar_x2_y2
7.410650e-004 0 -1
-1.216876e-001 1.865880e-001 
1
3
2 4 4 14 0 -1
2 4 2 7 0 2
4 11 2 7 0 2
haar_x2_y2
8.974430e-003 0 -1
-2.599993e-001 3.874573e-001 
1
2
17 11 3 9 0 -1
18 11 1 9 0 3
haar_x3
-2.174335e-005 0 -1
1.242822e-001 -2.308740e-001 
1
2
0 11 3 9 0 -1
1 11 1 9 0 3
haar_x3
1.160130e-004 0 -1
-3.396821e-001 3.510570e-001 
1
2
16 5 4 15 0 -1
16 5 2 15 0 2
haar_x2
2.112053e-003 0 -1
-3.163266e-001 1.494944e-001 
1
2
0 5 4 15 0 -1
2 5 2 15 0 2
haar_x2
1.399603e-003 0 -1
-4.822482e-001 3.024175e-001 
1
2
16 5 4 11 0 -1
16 5 2 11 0 2
haar_x2
-1.577243e-004 0 -1
3.378748e-001 -3.956829e-001 
1
2
7 2 4 9 0 -1
7 5 4 3 0 3
haar_y3
-1.728306e-003 0 -1
3.302761e-001 -3.876704e-001 
1
2
16 5 4 11 0 -1
16 5 2 11 0 2
haar_x2
2.460877e-004 0 -1
-2.962385e-001 3.163604e-001 
1
2
0 5 4 11 0 -1
2 5 2 11 0 2
haar_x2
-2.418265e-003 0 -1
5.415224e-001 -2.810230e-001 
1
2
9 2 2 9 0 -1
9 5 2 3 0 3
haar_y3
3.516978e-004 0 -1
-2.606458e-001 4.349699e-001 
1
3
1 0 2 14 0 -1
1 0 1 7 0 2
2 7 1 7 0 2
haar_x2_y2
1.813385e-004 0 -1
-4.242734e-001 3.234571e-001 
1
3
16 2 4 10 0 -1
18 2 2 5 0 2
16 7 2 5 0 2
haar_x2_y2
-3.064553e-003 0 -1
2.765756e-001 -3.334512e-001 
1
3
0 2 4 10 0 -1
0 2 2 5 0 2
2 7 2 5 0 2
haar_x2_y2
-2.453680e-004 0 -1
4.773128e-001 -3.630044e-001 
1
2
16 7 4 9 0 -1
16 7 2 9 0 2
haar_x2
-6.297586e-005 0 -1
2.808024e-001 -1.413421e-001 
1
2
0 7 4 9 0 -1
2 7 2 9 0 2
haar_x2
2.369176e-003 0 -1
-4.097944e-001 3.047327e-001 
1
2
16 12 4 2 0 -1
16 12 2 2 0 2
haar_x2
2.924276e-003 0 -1
-2.905353e-001 2.706425e-001 
1
2
8 4 4 12 0 -1
8 8 4 4 0 3
haar_y3
9.624616e-004 0 -1
-5.292035e-001 2.565763e-001 
1
2
7 10 6 3 0 -1
7 11 6 1 0 3
haar_y3
-8.532595e-005 0 -1
3.513002e-001 -4.913580e-001 
1
2
6 10 7 3 0 -1
6 11 7 1 0 3
haar_y3
6.420242e-005 0 -1
-3.645990e-001 4.456865e-001 
1
2
9 4 6 12 0 -1
9 8 6 4 0 3
haar_y3
-7.332556e-004 0 -1
4.842946e-001 -3.250895e-001 
1
3
6 9 2 6 0 -1
6 9 1 3 0 2
7 12 1 3 0 2
haar_x2_y2
-1.649860e-004 0 -1
4.312560e-001 -3.472044e-001 
1
2
11 9 2 1 0 -1
11 9 1 1 0 2
haar_x2
6.687265e-004 0 -1
-1.623302e-001 3.309577e-001 
1
2
1 10 1 3 0 -1
1 11 1 1 0 3
haar_y3
-2.143452e-005 0 -1
3.196245e-001 -4.202935e-001 
1
2
17 11 2 6 0 -1
17 13 2 2 0 3
haar_y3
2.867265e-002 0 -1
-4.931130e-002 7.383874e-001 
1
2
1 11 2 6 0 -1
1 13 2 2 0 3
haar_y3
-7.130272e-004 0 -1
4.075064e-001 -4.636439e-001 
1
2
18 7 2 12 0 -1
18 11 2 4 0 3
haar_y3
-3.405260e-005 0 -1
2.384110e-001 -1.741484e-001 
1
2
0 7 2 12 0 -1
0 11 2 4 0 3
haar_y3
5.921242e-003 0 -1
-3.271412e-001 5.040939e-001 
1
3
5 8 12 8 0 -1
11 8 6 4 0 2
5 12 6 4 0 2
haar_x2_y2
3.754497e-003 0 -1
-3.989146e-001 2.992099e-001 
1
3
3 10 4 6 0 -1
3 10 2 3 0 2
5 13 2 3 0 2
haar_x2_y2
-1.099000e-004 0 -1
4.336695e-001 -5.141906e-001 
1
3
13 10 4 6 0 -1
15 10 2 3 0 2
13 13 2 3 0 2
haar_x2_y2
-5.499490e-005 0 -1
2.725660e-001 -2.194334e-001 
1
3
3 10 4 6 0 -1
3 10 2 3 0 2
5 13 2 3 0 2
haar_x2_y2
2.604311e-005 0 -1
-3.520248e-001 4.652846e-001 
1
2
9 13 2 1 0 -1
9 13 1 1 0 2
haar_x2
-5.989642e-005 0 -1
3.478855e-001 -4.850136e-001 
1
2
2 7 1 9 0 -1
2 10 1 3 0 3
haar_y3
-7.449177e-004 0 -1
4.111628e-001 -3.323693e-001 
1
2
0 5 20 12 0 -1
0 9 20 4 0 3
haar_y3
1.346753e-002 0 -1
-3.699843e-001 3.582463e-001 
1
2
3 0 8 6 0 -1
3 2 8 2 0 3
haar_y3
3.929380e-002 0 -1
-2.197647e-001 6.678265e-001 
1
2
12 5 5 4 0 -1
12 7 5 2 0 2
haar_y2
-4.758384e-004 0 -1
2.360951e-001 -3.306665e-001 
1
3
1 6 16 2 0 -1
1 6 8 1 0 2
9 7 8 1 0 2
haar_x2_y2
5.869998e-004 0 -1
-4.271050e-001 4.892166e-001 
1
3
5 6 10 2 0 -1
10 6 5 1 0 2
5 7 5 1 0 2
haar_x2_y2
9.635613e-005 0 -1
-4.841835e-001 4.231495e-001 
1
3
7 6 6 2 0 -1
7 6 3 1 0 2
10 7 3 1 0 2
haar_x2_y2
2.424194e-005 0 -1
-6.335891e-001 4.824648e-001 
1
3
7 6 6 2 0 -1
10 6 3 1 0 2
7 7 3 1 0 2
haar_x2_y2
2.286341e-005 0 -1
-6.936417e-001 5.919039e-001 
1
3
7 6 6 2 0 -1
7 6 3 1 0 2
10 7 3 1 0 2
haar_x2_y2
3.661485e-005 0 -1
-8.357667e-001 6.629854e-001 
1
3
7 6 6 2 0 -1
10 6 3 1 0 2
7 7 3 1 0 2
haar_x2_y2
2.286341e-005 0 -1
-9.004706e-001 8.086580e-001 
1
3
7 6 6 2 0 -1
7 6 3 1 0 2
10 7 3 1 0 2
haar_x2_y2
3.661485e-005 0 -1
-9.720688e-001 8.931307e-001 
1
3
10 9 2 4 0 -1
11 9 1 2 0 2
10 11 1 2 0 2
haar_x2_y2
-2.977655e-004 0 -1
1.000000e+000 -9.962066e-001 
1
3
7 6 6 2 0 -1
7 6 3 1 0 2
10 7 3 1 0 2
haar_x2_y2
-2.286341e-005 0 -1
8.749868e-001 -9.211822e-001 
1
3
6 6 10 2 0 -1
11 6 5 1 0 2
6 7 5 1 0 2
haar_x2_y2
-6.886070e-004 0 -1
8.128422e-001 -6.543518e-001 
1
2
9 6 2 2 0 -1
9 7 2 1 0 2
haar_y2
2.775149e-005 0 -1
-6.301516e-001 7.676322e-001 
1
2
12 0 8 10 0 -1
12 5 8 5 0 2
haar_y2
1.946305e-004 0 -1
-7.071662e-001 5.290916e-001 
1
2
0 1 20 12 0 -1
0 7 20 6 0 2
haar_y2
-8.925862e-004 0 -1
8.532382e-001 -8.561872e-001 
1
2
6 1 14 12 0 -1
6 7 14 6 0 2
haar_y2
2.082089e-002 0 -1
-5.841693e-001 7.627752e-001 
1
3
0 1 20 12 0 -1
0 1 10 6 0 2
10 7 10 6 0 2
haar_x2_y2
-6.918819e-004 0 -1
8.982892e-001 -8.722357e-001 
1
2
17 7 3 2 0 -1
17 8 3 1 0 2
haar_y2
2.222302e-004 0 -1
-4.830287e-001 6.540377e-001 
1
3
9 6 2 10 0 -1
9 6 1 5 0 2
10 11 1 5 0 2
haar_x2_y2
4.879126e-005 0 -1
-8.431213e-001 7.679785e-001 
1
2
16 9 4 8 0 -1
16 9 2 8 0 2
haar_x2
-4.060673e-005 0 -1
5.884046e-001 -8.720204e-001 
1
2
0 9 4 8 0 -1
2 9 2 8 0 2
haar_x2
2.706821e-003 0 -1
-8.535898e-001 7.394775e-001 
1
2
7 7 9 3 0 -1
10 7 3 3 0 3
haar_x3
8.320002e-004 0 -1
-9.014207e-001 7.143355e-001 
1
2
4 2 7 8 0 -1
4 6 7 4 0 2
haar_y2
-5.904790e-005 0 -1
8.037844e-001 -9.681482e-001 
1
2
10 2 6 12 0 -1
10 6 6 4 0 3
haar_y3
5.226729e-004 0 -1
-8.067563e-001 7.491791e-001 
1
3
0 7 18 6 0 -1
0 7 9 3 0 2
9 10 9 3 0 2
haar_x2_y2
2.912149e-004 0 -1
-9.474109e-001 8.550556e-001 
1
2
2 10 18 6 0 -1
8 10 6 6 0 3
haar_x3
-8.825202e-003 0 -1
6.138266e-001 -9.667451e-001 
1
3
5 5 8 6 0 -1
5 5 4 3 0 2
9 8 4 3 0 2
haar_x2_y2
4.635470e-004 0 -1
-9.840615e-001 8.374778e-001 
1
2
4 3 16 8 0 -1
4 3 8 8 0 2
haar_x2
-1.702588e-002 0 -1
-4.092560e-002 -1.000000e+000 
1
2
7 15 6 5 0 -1
9 15 2 5 0 3
haar_x3
-5.394800e-005 0 -1
9.631802e-001 -9.264926e-001 
1
2
16 5 4 4 0 -1
16 7 4 2 0 2
haar_y2
-3.097048e-004 0 -1
8.847212e-001 -6.273816e-001 
1
2
7 11 6 9 0 -1
9 11 2 9 0 3
haar_x3
2.860111e-004 0 -1
-6.083612e-001 9.059044e-001 
1
2
10 0 6 12 0 -1
10 6 6 6 0 2
haar_y2
7.844642e-004 0 -1
-7.616391e-001 6.405033e-001 
1
2
4 6 8 2 0 -1
8 6 4 2 0 2
haar_x2
9.409582e-005 0 -1
-9.354094e-001 8.987156e-001 
1
2
0 4 20 4 0 -1
0 4 10 4 0 2
haar_x2
1.169187e-003 0 -1
-9.906960e-001 9.496542e-001 
1
2
0 0 2 1 0 -1
1 0 1 1 0 2
haar_x2
0.000000e+000 0 -1
0.000000e+000 -1.000000e+000 
1
2
2 3 18 9 0 -1
2 3 9 9 0 2
haar_x2
-1.986032e-003 0 -1
9.809768e-001 -9.049940e-001 
1
3
7 10 6 6 0 -1
7 10 3 3 0 2
10 13 3 3 0 2
haar_x2_y2
6.861507e-004 0 -1
-9.950966e-001 1.000000e+000 
1
2
18 0 2 1 0 -1
18 0 1 1 0 2
haar_x2
0.000000e+000 0 -1
0.000000e+000 -1.000000e+000 
1
3
6 10 6 6 0 -1
6 10 3 3 0 2
9 13 3 3 0 2
haar_x2_y2
-9.127669e-005 0 -1
1.000000e+000 -9.396840e-001 
1
3
9 9 2 2 0 -1
10 9 1 1 0 2
9 10 1 1 0 2
haar_x2_y2
-2.305536e-005 0 -1
9.810112e-001 -8.345358e-001 
1
2
0 11 9 3 0 -1
0 12 9 1 0 3
haar_y3
2.236454e-004 0 -1
-6.593227e-001 9.884208e-001 
1
2
10 10 6 3 0 -1
12 10 2 3 0 3
haar_x3
6.756969e-004 0 -1
-8.395191e-001 9.825587e-001 
1
2
4 14 2 4 0 -1
5 14 1 4 0 2
haar_x2
-4.340955e-005 0 -1
1.000000e+000 -9.792534e-001 
1
2
11 14 6 5 0 -1
13 14 2 5 0 3
haar_x3
-1.739873e-004 0 -1
8.426383e-001 -8.136247e-001 
1
2
0 12 16 1 0 -1
8 12 8 1 0 2
haar_x2
6.117418e-005 0 -1
-7.601606e-001 8.046941e-001 
1
3
13 10 4 8 0 -1
15 10 2 4 0 2
13 14 2 4 0 2
haar_x2_y2
2.974202e-005 0 -1
-8.187930e-001 7.080480e-001 
1
2
4 14 2 6 0 -1
5 14 1 6 0 2
haar_x2
3.124042e-004 0 -1
-9.645984e-001 9.620814e-001 
1
3
9 3 2 2 0 -1
10 3 1 1 0 2
9 4 1 1 0 2
haar_x2_y2
-1.693751e-004 0 -1
1.000000e+000 -1.000000e+000 
1
2
3 6 6 9 0 -1
3 9 6 3 0 3
haar_y3
8.710296e-005 0 -1
-9.210687e-001 9.481379e-001 
1
2
11 6 6 9 0 -1
11 9 6 3 0 3
haar_y3
5.701040e-003 0 -1
-9.663645e-001 8.318673e-001 
1
2
0 0 10 1 0 -1
5 0 5 1 0 2
haar_x2
3.162445e-003 0 -1
-1.000000e+000 1.000029e+000 
1
2
18 0 2 1 0 -1
18 0 1 1 0 2
haar_x2
0.000000e+000 0 -1
0.000000e+000 -1.000000e+000 
1
2
3 5 3 12 0 -1
3 9 3 4 0 3
haar_y3
-9.232737e-004 0 -1
9.725827e-001 -9.660003e-001 
1
2
5 12 15 8 0 -1
5 16 15 4 0 2
haar_y2
-1.300038e-003 0 -1
9.882107e-001 -7.678843e-001 
1
3
7 11 6 2 0 -1
7 11 3 1 0 2
10 12 3 1 0 2
haar_x2_y2
7.104158e-005 0 -1
-7.366534e-001 9.276730e-001 
1
2
10 9 8 8 0 -1
10 9 4 8 0 2
haar_x2
-1.995763e-004 0 -1
8.058211e-001 -8.819467e-001 
1
2
1 12 16 4 0 -1
9 12 8 4 0 2
haar_x2
-2.182365e-004 0 -1
9.257368e-001 -8.284623e-001 
1
3
9 3 2 2 0 -1
10 3 1 1 0 2
9 4 1 1 0 2
haar_x2_y2
2.777520e-005 0 -1
-6.193171e-001 9.338357e-001 
1
3
5 0 6 2 0 -1
5 0 3 1 0 2
8 1 3 1 0 2
haar_x2_y2
-3.281472e-005 0 -1
8.939397e-001 -8.724281e-001 
1
2
3 15 16 5 0 -1
3 15 8 5 0 2
haar_x2
-6.014322e-004 0 -1
6.127353e-001 -4.908681e-001 
1
2
1 11 18 4 0 -1
7 11 6 4 0 3
haar_x3
3.552079e-004 0 -1
-6.025009e-001 8.757389e-001 
1
3
9 10 10 10 0 -1
14 10 5 5 0 2
9 15 5 5 0 2
haar_x2_y2
6.862540e-003 0 -1
-7.232390e-001 7.455140e-001 
1
2
4 8 4 7 0 -1
6 8 2 7 0 2
haar_x2
-5.562098e-004 0 -1
8.509073e-001 -9.212687e-001 
1
2
12 2 1 15 0 -1
12 7 1 5 0 3
haar_y3
1.699343e-003 0 -1
-6.930048e-001 7.347137e-001 
1
2
0 6 1 8 0 -1
0 10 1 4 0 2
haar_y2
5.967575e-004 0 -1
-8.933417e-001 9.292248e-001 
1
2
10 9 2 3 0 -1
10 10 2 1 0 3
haar_y3
2.047127e-004 0 -1
-9.544294e-001 7.039433e-001 
1
3
2 1 4 18 0 -1
2 1 2 9 0 2
4 10 2 9 0 2
haar_x2_y2
2.367725e-004 0 -1
-1.000000e+000 1.000000e+000 
1
2
18 0 2 1 0 -1
18 0 1 1 0 2
haar_x2
0.000000e+000 0 -1
0.000000e+000 -1.000000e+000 
1
2
1 2 6 2 0 -1
3 2 2 2 0 3
haar_x3
6.003878e-005 0 -1
-9.741848e-001 1.000000e+000 
1
2
17 0 3 1 0 -1
18 0 1 1 0 3
haar_x3
5.156286e-004 0 -1
-9.925954e-001 1.000000e+000 
1
2
0 0 2 1 0 -1
1 0 1 1 0 2
haar_x2
0.000000e+000 0 -1
0.000000e+000 -1.000000e+000 
1
2
8 9 6 4 0 -1
8 9 3 4 0 2
haar_x2
-3.264241e-004 0 -1
1.000000e+000 -9.153841e-001 
1
2
3 9 12 3 0 -1
7 9 4 3 0 3
haar_x3
6.861996e-004 0 -1
-8.638957e-001 1.000000e+000 
1
2
9 9 2 3 0 -1
9 9 1 3 0 2
haar_x2
6.438734e-005 0 -1
-9.805200e-001 1.000000e+000 
1
2
0 0 2 1 0 -1
1 0 1 1 0 2
haar_x2
0.000000e+000 0 -1
0.000000e+000 -1.000000e+000 
1
2
8 7 6 7 0 -1
8 7 3 7 0 2
haar_x2
-4.472283e-005 0 -1
1.000000e+000 -8.079256e-001 
1
2
0 0 2 2 0 -1
1 0 1 2 0 2
haar_x2
2.327243e-005 0 -1
-7.913867e-001 1.000000e+000 
1
2
10 7 9 11 0 -1
13 7 3 11 0 3
haar_x3
4.358160e-004 0 -1
-8.909268e-001 1.000001e+000 
1
3
6 4 6 12 0 -1
6 4 3 6 0 2
9 10 3 6 0 2
haar_x2_y2
1.625280e-003 0 -1
-1.000000e+000 1.000006e+000 
1
2
18 0 2 1 0 -1
18 0 1 1 0 2
haar_x2
0.000000e+000 0 -1
0.000000e+000 -1.000000e+000 
1
2
6 11 8 5 0 -1
10 11 4 5 0 2
haar_x2
-9.319002e-004 0 -1
1.000000e+000 -9.698817e-001 
1
2
9 5 2 15 0 -1
9 5 1 15 0 2
haar_x2
-2.407477e-005 0 -1
1.000000e+000 -8.637094e-001 
1
2
0 4 1 10 0 -1
0 9 1 5 0 2
haar_y2
-1.476953e-004 0 -1
1.000000e+000 -7.436274e-001 
1
2
10 17 10 3 0 -1
10 18 10 1 0 3
haar_y3
-7.206739e-005 0 -1
9.395894e-001 -2.749155e-001 
1
2
2 17 15 3 0 -1
2 18 15 1 0 3
haar_y3
2.980294e-004 0 -1
-5.806627e-001 9.916881e-001 
1
2
19 7 1 9 0 -1
19 10 1 3 0 3
haar_y3
-1.107953e-004 0 -1
9.192787e-001 -8.170094e-001 
1
3
6 5 2 4 0 -1
6 5 1 2 0 2
7 7 1 2 0 2
haar_x2_y2
7.198684e-005 0 -1
-7.246284e-001 9.303833e-001 
1
2
17 2 3 14 0 -1
17 9 3 7 0 2
haar_y2
-1.996137e-003 0 -1
7.504937e-001 -8.030547e-001 
1
2
2 5 16 9 0 -1
2 8 16 3 0 3
haar_y3
5.770588e-004 0 -1
-8.175091e-001 8.575372e-001 
1
2
9 1 6 3 0 -1
11 1 2 3 0 3
haar_x3
-4.804452e-004 0 -1
7.231100e-001 -8.211466e-001 
1
2
2 7 15 3 0 -1
7 7 5 3 0 3
haar_x3
3.279678e-004 0 -1
-7.618845e-001 9.022834e-001 
1
2
18 10 1 6 0 -1
18 12 1 2 0 3
haar_y3
-2.333659e-003 0 -1
8.159000e-001 -8.404217e-001 
1
2
2 5 10 8 0 -1
7 5 5 8 0 2
haar_x2
-4.648539e-004 0 -1
9.140915e-001 -7.420863e-001 
1
2
7 3 10 16 0 -1
7 3 5 16 0 2
haar_x2
5.845935e-004 0 -1
-3.322912e-001 8.707611e-001 
1
2
2 4 16 14 0 -1
10 4 8 14 0 2
haar_x2
2.203170e-003 0 -1
-8.839567e-001 8.817510e-001 
1
2
15 10 2 7 0 -1
15 10 1 7 0 2
haar_x2
-6.339572e-005 0 -1
6.313374e-001 -8.858643e-001 
1
3
2 11 4 4 0 -1
2 11 2 2 0 2
4 13 2 2 0 2
haar_x2_y2
-1.311920e-003 0 -1
9.608103e-001 -7.821967e-001 
1
3
12 9 8 8 0 -1
16 9 4 4 0 2
12 13 4 4 0 2
haar_x2_y2
1.384942e-004 0 -1
-3.610765e-001 8.536611e-001 
1
2
6 11 2 2 0 -1
7 11 1 2 0 2
haar_x2
-3.628919e-005 0 -1
8.267696e-001 -6.229086e-001 
1
2
10 9 9 10 0 -1
13 9 3 10 0 3
haar_x3
-1.921633e-002 0 -1
6.581374e-001 -1.800584e-001 
1
2
9 16 1 3 0 -1
9 17 1 1 0 3
haar_y3
5.151224e-004 0 -1
-4.644065e-001 8.958474e-001 
1
2
18 15 2 1 0 -1
18 15 1 1 0 2
haar_x2
2.841920e-005 0 -1
-6.176357e-001 3.940115e-001 
1
2
1 9 9 6 0 -1
4 9 3 6 0 3
haar_x3
-1.132013e-004 0 -1
9.231116e-001 -6.818807e-001 
1
2
17 14 3 3 0 -1
18 14 1 3 0 3
haar_x3
-8.056588e-005 0 -1
5.836623e-001 -1.636467e-001 
1
2
1 6 7 9 0 -1
1 9 7 3 0 3
haar_y3
-4.884052e-004 0 -1
7.222866e-001 -7.184590e-001 
1
2
16 11 2 6 0 -1
16 13 2 2 0 3
haar_y3
-5.178169e-004 0 -1
3.216239e-001 -3.014242e-001 
1
2
2 11 2 6 0 -1
2 13 2 2 0 3
haar_y3
-4.601967e-003 0 -1
9.608254e-001 -4.826178e-001 
1
3
6 14 14 4 0 -1
13 14 7 2 0 2
6 16 7 2 0 2
haar_x2_y2
-3.510165e-002 0 -1
8.455968e-001 -3.401564e-002 
1
3
8 10 4 10 0 -1
8 10 2 5 0 2
10 15 2 5 0 2
haar_x2_y2
-3.667443e-004 0 -1
6.446077e-001 -6.281185e-001 
1
2
9 9 10 4 0 -1
9 11 10 2 0 2
haar_y2
3.939297e-003 0 -1
-2.569217e-001 6.477872e-001 
1
3
5 3 2 4 0 -1
5 3 1 2 0 2
6 5 1 2 0 2
haar_x2_y2
-2.579753e-004 0 -1
6.579772e-001 -6.420636e-001 
1
3
13 5 2 8 0 -1
14 5 1 4 0 2
13 9 1 4 0 2
haar_x2_y2
-2.943900e-003 0 -1
7.143761e-001 -2.779708e-001 
1
3
5 5 2 8 0 -1
5 5 1 4 0 2
6 9 1 4 0 2
haar_x2_y2
-3.694485e-004 0 -1
6.690849e-001 -5.321778e-001 
1
3
10 14 6 6 0 -1
13 14 3 3 0 2
10 17 3 3 0 2
haar_x2_y2
-1.506814e-002 0 -1
4.004177e-001 -1.240426e-001 
1
2
7 5 1 8 0 -1
7 9 1 4 0 2
haar_y2
2.650873e-005 0 -1
-4.738583e-001 5.917443e-001 
1
2
6 4 8 14 0 -1
6 4 4 14 0 2
haar_x2
1.306613e-004 0 -1
-4.786453e-001 6.883013e-001 
1
3
0 7 18 4 0 -1
0 7 9 2 0 2
9 9 9 2 0 2
haar_x2_y2
-1.194753e-003 0 -1
6.148733e-001 -6.608406e-001 
1
2
10 0 1 6 0 -1
10 3 1 3 0 2
haar_y2
6.543644e-005 0 -1
-3.403368e-001 5.979681e-001 
1
2
7 0 6 5 0 -1
10 0 3 5 0 2
haar_x2
6.582855e-004 0 -1
-6.217388e-001 5.769092e-001 
1
3
9 3 2 16 0 -1
10 3 1 8 0 2
9 11 1 8 0 2
haar_x2_y2
-3.426382e-004 0 -1
6.434214e-001 -7.946784e-001 
1
2
0 11 2 6 0 -1
1 11 1 6 0 2
haar_x2
3.052533e-005 0 -1
-6.286518e-001 5.349233e-001 
1
2
9 12 2 2 0 -1
9 12 1 2 0 2
haar_x2
1.935061e-004 0 -1
-7.248483e-001 5.949022e-001 
1
2
1 16 8 2 0 -1
1 17 8 1 0 2
haar_y2
9.145845e-005 0 -1
-8.426055e-001 7.010838e-001 
1
2
10 13 5 6 0 -1
10 15 5 2 0 3
haar_y3
9.844416e-005 0 -1
-8.540256e-001 4.235332e-001 
1
2
3 13 2 2 0 -1
3 14 2 1 0 2
haar_y2
5.454907e-005 0 -1
-9.449492e-001 7.445749e-001 
1
2
15 13 2 4 0 -1
15 15 2 2 0 2
haar_y2
-1.190928e-003 0 -1
7.484589e-001 -9.451241e-001 
1
3
8 12 4 4 0 -1
8 12 2 2 0 2
10 14 2 2 0 2
haar_x2_y2
-1.847461e-004 0 -1
8.885497e-001 -8.744914e-001 
1
2
18 3 2 5 0 -1
18 3 1 5 0 2
haar_x2
2.961846e-004 0 -1
-4.884577e-001 6.654828e-001 
1
2
8 8 1 12 0 -1
8 14 1 6 0 2
haar_y2
-1.881916e-004 0 -1
8.433039e-001 -8.333942e-001 
1
2
16 0 3 12 0 -1
17 0 1 12 0 3
haar_x3
1.069920e-003 0 -1
-4.949440e-001 5.746948e-001 
1
2
4 5 1 2 0 -1
4 6 1 1 0 2
haar_y2
-2.552033e-005 0 -1
7.536269e-001 -8.328021e-001 
1
2
16 0 3 11 0 -1
17 0 1 11 0 3
haar_x3
-7.350446e-004 0 -1
6.474458e-001 -3.941464e-001 
1
2
1 0 3 11 0 -1
2 0 1 11 0 3
haar_x3
2.415388e-004 0 -1
-6.580276e-001 7.376885e-001 
1
2
9 18 3 1 0 -1
10 18 1 1 0 3
haar_x3
2.741966e-004 0 -1
-5.778726e-001 7.265187e-001 
1
2
1 9 16 1 0 -1
9 9 8 1 0 2
haar_x2
1.223215e-003 0 -1
-9.161752e-001 6.594423e-001 
1
2
8 7 12 10 0 -1
8 7 6 10 0 2
haar_x2
-1.058302e-003 0 -1
4.075655e-001 -8.884995e-001 
1
2
0 7 20 7 0 -1
10 7 10 7 0 2
haar_x2
-4.154482e-004 0 -1
1.000000e+000 -9.554670e-001 
1
2
14 8 2 1 0 -1
14 8 1 1 0 2
haar_x2
-3.092493e-005 0 -1
7.279324e-001 -7.048075e-001 
1
2
8 1 2 3 0 -1
9 1 1 3 0 2
haar_x2
-3.281472e-005 0 -1
8.839560e-001 -6.467883e-001 
1
2
17 9 2 10 0 -1
17 14 2 5 0 2
haar_y2
-1.428010e-004 0 -1
6.189364e-001 -3.503309e-001 
1
2
8 18 3 1 0 -1
9 18 1 1 0 3
haar_x3
-1.108932e-004 0 -1
7.722875e-001 -5.240439e-001 
1
3
1 6 18 14 0 -1
10 6 9 7 0 2
1 13 9 7 0 2
haar_x2_y2
-3.190167e-002 0 -1
8.492581e-001 -3.799566e-001 
1
2
3 8 2 6 0 -1
3 10 2 2 0 3
haar_y3
-9.548239e-005 0 -1
6.368232e-001 -3.740971e-001 
1
2
10 7 3 12 0 -1
10 13 3 6 0 2
haar_y2
2.239388e-003 0 -1
-1.671131e-001 5.031545e-001 
1
2
1 2 18 1 0 -1
7 2 6 1 0 3
haar_x3
2.698367e-003 0 -1
-5.294279e-001 5.996315e-001 
1
3
9 5 2 14 0 -1
10 5 1 7 0 2
9 12 1 7 0 2
haar_x2_y2
4.355939e-004 0 -1
-6.329312e-001 5.590743e-001 
1
2
3 10 14 2 0 -1
10 10 7 2 0 2
haar_x2
7.634708e-005 0 -1
-7.950607e-001 4.021338e-001 
1
3
9 10 2 6 0 -1
10 10 1 3 0 2
9 13 1 3 0 2
haar_x2_y2
-6.737014e-005 0 -1
6.205259e-001 -7.991089e-001 
1
2
7 2 1 8 0 -1
7 6 1 4 0 2
haar_y2
2.022916e-004 0 -1
-5.933878e-001 7.382920e-001 
1
2
13 7 6 7 0 -1
13 7 3 7 0 2
haar_x2
-1.299057e-003 0 -1
3.909762e-001 -6.840444e-001 
1
2
5 7 6 6 0 -1
8 7 3 6 0 2
haar_x2
1.163622e-004 0 -1
-6.483788e-001 6.928986e-001 
1
2
7 2 12 17 0 -1
7 2 6 17 0 2
haar_x2
4.175950e-003 0 -1
-6.206335e-001 5.224974e-001 
1
2
2 1 15 18 0 -1
7 1 5 18 0 3
haar_x3
-6.981125e-003 0 -1
7.409637e-001 -9.137049e-001 
1
2
14 7 1 2 0 -1
14 8 1 1 0 2
haar_y2
1.568451e-004 0 -1
-5.163498e-001 4.044178e-001 
1
3
9 8 2 12 0 -1
9 8 1 6 0 2
10 14 1 6 0 2
haar_x2_y2
-1.357785e-004 0 -1
6.767147e-001 -7.575558e-001 
1
2
14 7 1 2 0 -1
14 8 1 1 0 2
haar_y2
-2.896778e-005 0 -1
6.205247e-001 -5.149263e-001 
1
2
2 5 12 6 0 -1
6 5 4 6 0 3
haar_x3
2.158393e-003 0 -1
-4.742879e-001 7.887070e-001 
1
3
9 7 2 2 0 -1
10 7 1 1 0 2
9 8 1 1 0 2
haar_x2_y2
1.588787e-004 0 -1
-7.251568e-001 6.703752e-001 
1
3
3 16 2 2 0 -1
3 16 1 1 0 2
4 17 1 1 0 2
haar_x2_y2
2.151226e-005 0 -1
-8.341432e-001 6.809353e-001 
1
2
14 4 6 11 0 -1
16 4 2 11 0 3
haar_x3
2.177574e-004 0 -1
-8.813175e-001 4.822489e-001 
1
2
5 1 10 1 0 -1
10 1 5 1 0 2
haar_x2
9.277480e-005 0 -1
-8.251414e-001 6.873450e-001 
1
2
3 2 16 1 0 -1
3 2 8 1 0 2
haar_x2
7.878309e-004 0 -1
-8.301998e-001 7.973017e-001 
1
2
5 0 10 16 0 -1
10 0 5 16 0 2
haar_x2
3.275454e-003 0 -1
-9.809144e-001 8.603334e-001 
1
2
17 3 3 4 0 -1
18 3 1 4 0 3
haar_x3
-3.863240e-004 0 -1
7.800944e-001 -9.913507e-001 
1
2
7 1 4 17 0 -1
9 1 2 17 0 2
haar_x2
-4.511325e-004 0 -1
8.974954e-001 -9.281570e-001 
1
2
9 12 4 1 0 -1
9 12 2 1 0 2
haar_x2
2.547701e-005 0 -1
-6.937369e-001 8.245753e-001 
1
2
1 10 3 4 0 -1
2 10 1 4 0 3
haar_x3
9.845012e-005 0 -1
-9.449956e-001 8.070803e-001 
1
3
11 0 4 4 0 -1
13 0 2 2 0 2
11 2 2 2 0 2
haar_x2_y2
-4.341298e-004 0 -1
7.637182e-001 -9.657375e-001 
1
2
1 11 14 3 0 -1
1 12 14 1 0 3
haar_y3
1.565795e-003 0 -1
-8.639362e-001 9.623377e-001 
1
2
15 6 5 9 0 -1
15 9 5 3 0 3
haar_y3
-1.254602e-003 0 -1
8.978752e-001 -9.261615e-001 
1
2
2 12 11 2 0 -1
2 13 11 1 0 2
haar_y2
1.054010e-004 0 -1
-8.943279e-001 9.433375e-001 
1
2
16 8 3 6 0 -1
16 10 3 2 0 3
haar_y3
8.717747e-004 0 -1
-9.086804e-001 7.663057e-001 
1
2
4 5 2 3 0 -1
5 5 1 3 0 2
haar_x2
-7.276488e-005 0 -1
9.378704e-001 -9.999998e-001 
1
3
7 2 8 10 0 -1
11 2 4 5 0 2
7 7 4 5 0 2
haar_x2_y2
-3.595162e-004 0 -1
8.456711e-001 -8.719802e-001 
1
3
0 8 8 4 0 -1
0 8 4 2 0 2
4 10 4 2 0 2
haar_x2_y2
2.065696e-003 0 -1
-7.814955e-001 9.350007e-001 
1
3
11 0 4 2 0 -1
13 0 2 1 0 2
11 1 2 1 0 2
haar_x2_y2
-2.215574e-005 0 -1
6.636294e-001 -8.500277e-001 
1
2
5 6 4 1 0 -1
7 6 2 1 0 2
haar_x2
-3.341085e-004 0 -1
9.342817e-001 -7.757973e-001 
1
2
12 3 1 12 0 -1
12 7 1 4 0 3
haar_y3
1.920494e-004 0 -1
-3.439361e-001 8.003395e-001 
1
2
7 10 2 4 0 -1
7 12 2 2 0 2
haar_y2
-3.469851e-005 0 -1
7.796726e-001 -8.623386e-001 
1
2
9 3 3 8 0 -1
10 3 1 8 0 3
haar_x3
-2.513695e-003 0 -1
6.853284e-001 -5.172338e-001 
1
2
4 18 3 2 0 -1
5 18 1 2 0 3
haar_x3
-6.168500e-005 0 -1
8.307502e-001 -4.794072e-001 
1
2
8 11 6 1 0 -1
10 11 2 1 0 3
haar_x3
-8.369515e-005 0 -1
5.877308e-001 -3.190770e-001 
1
2
0 6 6 3 0 -1
0 7 6 1 0 3
haar_y3
1.327379e-003 0 -1
-4.005564e-001 7.837889e-001 
1
2
9 0 4 16 0 -1
9 0 2 16 0 2
haar_x2
5.820548e-004 0 -1
-4.776092e-001 6.157835e-001 
1
2
4 0 9 13 0 -1
7 0 3 13 0 3
haar_x3
-3.844386e-003 0 -1
6.978253e-001 -7.744849e-001 
1
2
9 3 8 13 0 -1
9 3 4 13 0 2
haar_x2
2.864472e-004 0 -1
-4.034703e-001 4.903953e-001 
1
2
1 4 9 10 0 -1
4 4 3 10 0 3
haar_x3
-3.640186e-005 0 -1
6.505963e-001 -7.549524e-001 
1
2
14 6 2 2 0 -1
14 6 1 2 0 2
haar_x2
7.167071e-004 0 -1
-3.087975e-001 4.445718e-001 
1
3
2 10 16 2 0 -1
2 10 8 1 0 2
10 11 8 1 0 2
haar_x2_y2
-1.848597e-003 0 -1
7.393563e-001 -6.547214e-001 
1
2
8 8 12 3 0 -1
12 8 4 3 0 3
haar_x3
-7.279858e-003 0 -1
4.934421e-001 -2.741636e-001 
1
2
4 6 2 2 0 -1
5 6 1 2 0 2
haar_x2
1.002951e-003 0 -1
-3.629799e-001 8.574435e-001 
1
2
6 11 12 1 0 -1
6 11 6 1 0 2
haar_x2
1.211212e-003 0 -1
-5.285978e-001 6.091323e-001 
1
2
6 12 6 1 0 -1
9 12 3 1 0 2
haar_x2
3.577856e-004 0 -1
-8.481318e-001 7.078600e-001 
1
3
9 11 6 2 0 -1
12 11 3 1 0 2
9 12 3 1 0 2
haar_x2_y2
-2.903784e-004 0 -1
5.927901e-001 -8.412192e-001 
1
2
6 10 8 2 0 -1
10 10 4 2 0 2
haar_x2
7.842021e-005 0 -1
-7.894564e-001 6.908449e-001 
1
2
5 0 11 6 0 -1
5 2 11 2 0 3
haar_y3
4.410121e-004 0 -1
-9.216559e-001 6.390131e-001 
1
2
7 2 4 3 0 -1
7 3 4 1 0 3
haar_y3
-4.735347e-005 0 -1
7.094853e-001 -9.556401e-001 
1
2
9 2 3 3 0 -1
9 3 3 1 0 3
haar_y3
3.077579e-005 0 -1
-7.849088e-001 6.251038e-001 
1
2
6 15 8 3 0 -1
6 16 8 1 0 3
haar_y3
-8.220284e-004 0 -1
6.940092e-001 -9.116763e-001 
1
2
3 12 14 1 0 -1
3 12 7 1 0 2
haar_x2
5.133233e-004 0 -1
-7.117441e-001 8.829475e-001 
1
2
7 5 6 12 0 -1
10 5 3 12 0 2
haar_x2
1.163622e-004 0 -1
-9.174498e-001 6.989379e-001 
1
2
7 3 6 13 0 -1
7 3 3 13 0 2
haar_x2
2.073819e-004 0 -1
-9.534991e-001 8.235144e-001 
1
2
1 9 18 5 0 -1
10 9 9 5 0 2
haar_x2
2.640490e-003 0 -1
-1.000000e+000 9.371239e-001 
1
2
18 0 2 1 0 -1
18 0 1 1 0 2
haar_x2
0.000000e+000 0 -1
0.000000e+000 -1.000000e+000 
1
2
2 13 12 3 0 -1
8 13 6 3 0 2
haar_x2
-4.076322e-004 0 -1
9.254830e-001 -9.627151e-001 
1
2
6 12 14 3 0 -1
6 12 7 3 0 2
haar_x2
9.753280e-004 0 -1
-7.426796e-001 7.936827e-001 
1
2
0 13 20 2 0 -1
10 13 10 2 0 2
haar_x2
9.756883e-005 0 -1
-8.469963e-001 9.643816e-001 
1
2
14 3 6 12 0 -1
16 3 2 12 0 3
haar_x3
6.588428e-004 0 -1
-9.254485e-001 8.474202e-001 
1
2
0 1 15 3 0 -1
0 2 15 1 0 3
haar_y3
6.160843e-004 0 -1
-9.892925e-001 1.000001e+000 
1
2
18 0 2 1 0 -1
18 0 1 1 0 2
haar_x2
0.000000e+000 0 -1
0.000000e+000 -1.000000e+000 
1
2
7 14 3 4 0 -1
8 14 1 4 0 3
haar_x3
1.198741e-004 0 -1
-9.631588e-001 9.823318e-001 
1
2
5 13 12 3 0 -1
5 14 12 1 0 3
haar_y3
1.364017e-003 0 -1
-9.861513e-001 1.000000e+000 
1
2
0 0 2 1 0 -1
1 0 1 1 0 2
haar_x2
0.000000e+000 0 -1
0.000000e+000 -1.000000e+000 
1
2
7 9 6 9 0 -1
7 12 6 3 0 3
haar_y3
-2.056092e-003 0 -1
1.000000e+000 -9.688535e-001 
1
2
0 12 2 8 0 -1
0 16 2 4 0 2
haar_y2
-1.510028e-004 0 -1
9.488882e-001 -9.005957e-001 
1
2
11 3 9 10 0 -1
14 3 3 10 0 3
haar_x3
3.082524e-004 0 -1
-5.225449e-001 9.460463e-001 
1
2
2 16 3 4 0 -1
3 16 1 4 0 3
haar_x3
2.177574e-005 0 -1
-9.090745e-001 9.285812e-001 
1
2
10 7 7 9 0 -1
10 10 7 3 0 3
haar_y3
-1.183387e-003 0 -1
9.316052e-001 -9.451030e-001 
1
2
4 5 12 12 0 -1
4 9 12 4 0 3
haar_y3
3.308132e-004 0 -1
-9.341288e-001 8.850054e-001 
1
2
10 7 7 9 0 -1
10 10 7 3 0 3
haar_y3
1.440550e-003 0 -1
-9.367712e-001 6.459446e-001 
1
2
2 11 16 6 0 -1
2 14 16 3 0 2
haar_y2
6.170516e-003 0 -1
-1.000000e+000 1.000009e+000 
1
2
18 0 2 1 0 -1
18 0 1 1 0 2
haar_x2
0.000000e+000 0 -1
0.000000e+000 -1.000000e+000 
1
3
3 11 2 6 0 -1
3 11 1 3 0 2
4 14 1 3 0 2
haar_x2_y2
3.564273e-005 0 -1
-9.560494e-001 1.000001e+000 
1
2
18 0 2 4 0 -1
18 0 1 4 0 2
haar_x2
8.903474e-005 0 -1
-9.917474e-001 1.000000e+000 
1
2
0 0 2 1 0 -1
1 0 1 1 0 2
haar_x2
0.000000e+000 0 -1
0.000000e+000 -1.000000e+000 
1
2
0 8 20 4 0 -1
0 8 10 4 0 2
haar_x2
-1.903081e-003 0 -1
1.000000e+000 -9.954323e-001 
1
2
3 4 11 16 0 -1
3 12 11 8 0 2
haar_y2
-5.121244e-004 0 -1
1.000000e+000 -9.366605e-001 
1
2
7 11 9 2 0 -1
10 11 3 2 0 3
haar_x3
1.335952e-004 0 -1
-6.754825e-001 9.631045e-001 
1
2
5 12 4 8 0 -1
7 12 2 8 0 2
haar_x2
-5.179343e-004 0 -1
9.771821e-001 -9.707448e-001 
1
3
14 16 6 4 0 -1
17 16 3 2 0 2
14 18 3 2 0 2
haar_x2_y2
8.499579e-005 0 -1
-7.780812e-001 8.444800e-001 
1
2
5 10 7 2 0 -1
5 11 7 1 0 2
haar_y2
-2.703987e-005 0 -1
9.615662e-001 -9.593542e-001 
1
3
10 9 8 4 0 -1
14 9 4 2 0 2
10 11 4 2 0 2
haar_x2_y2
1.773058e-003 0 -1
-6.884933e-001 6.820797e-001 
1
2
1 16 12 4 0 -1
1 18 12 2 0 2
haar_y2
-1.383807e-004 0 -1
9.523990e-001 -9.307407e-001 
1
3
10 4 4 2 0 -1
12 4 2 1 0 2
10 5 2 1 0 2
haar_x2_y2
-5.316095e-005 0 -1
8.998926e-001 -6.292268e-001 
1
2
1 4 16 6 0 -1
9 4 8 6 0 2
haar_x2
-8.386188e-004 0 -1
8.935326e-001 -7.009340e-001 
1
2
14 9 2 3 0 -1
14 10 2 1 0 3
haar_y3
-2.734435e-005 0 -1
7.466675e-001 -2.401071e-001 
1
2
1 0 5 6 0 -1
1 2 5 2 0 3
haar_y3
-1.067548e-003 0 -1
9.388531e-001 -5.133491e-001 
1
2
15 1 2 12 0 -1
15 5 2 4 0 3
haar_y3
1.427167e-002 0 -1
-6.757321e-002 7.960884e-001 
1
2
3 10 12 2 0 -1
3 11 12 1 0 2
haar_y2
5.397280e-004 0 -1
-6.853890e-001 9.123760e-001 
1
2
15 2 5 9 0 -1
15 5 5 3 0 3
haar_y3
-1.234532e-003 0 -1
4.858437e-001 -7.580473e-001 
1
2
3 16 8 1 0 -1
7 16 4 1 0 2
haar_x2
2.896928e-005 0 -1
-7.500723e-001 8.840252e-001 
1
3
11 7 6 4 0 -1
14 7 3 2 0 2
11 9 3 2 0 2
haar_x2_y2
7.696080e-004 0 -1
-7.855025e-001 6.597289e-001 
1
3
3 7 6 4 0 -1
3 7 3 2 0 2
6 9 3 2 0 2
haar_x2_y2
-2.506594e-004 0 -1
9.593050e-001 -9.574175e-001 
1
3
9 9 8 10 0 -1
13 9 4 5 0 2
9 14 4 5 0 2
haar_x2_y2
-7.190324e-004 0 -1
5.950334e-001 -7.896107e-001 
1
3
3 2 8 2 0 -1
3 2 4 1 0 2
7 3 4 1 0 2
haar_x2_y2
2.577524e-005 0 -1
-7.170988e-001 7.692443e-001 
1
2
16 8 2 9 0 -1
16 11 2 3 0 3
haar_y3
-2.886211e-004 0 -1
4.732916e-001 -7.403514e-001 
1
2
7 3 6 2 0 -1
9 3 2 2 0 3
haar_x3
-5.871728e-004 0 -1
8.574887e-001 -6.354252e-001 
1
3
5 13 14 2 0 -1
12 13 7 1 0 2
5 14 7 1 0 2
haar_x2_y2
6.058618e-004 0 -1
-2.088770e-001 7.165777e-001 
1
2
7 12 4 3 0 -1
7 13 4 1 0 3
haar_y3
1.446024e-004 0 -1
-7.851746e-001 8.195456e-001 
1
2
0 17 20 2 0 -1
0 18 20 1 0 2
haar_y2
5.375004e-004 0 -1
-9.162109e-001 7.634801e-001 
1
2
1 4 4 6 0 -1
1 6 4 2 0 3
haar_y3
-9.530812e-004 0 -1
8.052120e-001 -9.729296e-001 
1
2
10 11 9 2 0 -1
13 11 3 2 0 3
haar_x3
-1.001964e-004 0 -1
3.253775e-001 -7.638375e-001 
1
2
0 1 4 19 0 -1
2 1 2 19 0 2
haar_x2
2.745208e-003 0 -1
-7.658588e-001 6.329073e-001 
1
2
15 12 3 3 0 -1
15 13 3 1 0 3
haar_y3
-3.470250e-005 0 -1
5.941203e-001 -7.766054e-001 
1
2
0 10 2 4 0 -1
1 10 1 4 0 2
haar_x2
-2.669904e-004 0 -1
7.585536e-001 -6.517020e-001 
1
2
17 5 3 3 0 -1
17 6 3 1 0 3
haar_y3
1.033967e-004 0 -1
-2.958372e-001 5.516627e-001 
1
2
1 13 4 5 0 -1
3 13 2 5 0 2
haar_x2
-3.565746e-005 0 -1
8.040171e-001 -6.120325e-001 
1
3
7 6 6 6 0 -1
10 6 3 3 0 2
7 9 3 3 0 2
haar_x2_y2
1.942887e-003 0 -1
-4.317413e-001 8.889963e-001 
1
2
5 4 3 15 0 -1
5 9 3 5 0 3
haar_y3
-1.079701e-003 0 -1
7.124440e-001 -7.627492e-001 
1
2
9 7 7 9 0 -1
9 10 7 3 0 3
haar_y3
2.060011e-002 0 -1
-3.804182e-001 6.712472e-001 
1
3
4 7 10 6 0 -1
4 7 5 3 0 2
9 10 5 3 0 2
haar_x2_y2
-2.614007e-005 0 -1
7.089868e-001 -7.948189e-001 
1
2
10 8 9 1 0 -1
13 8 3 1 0 3
haar_x3
2.177574e-005 0 -1
-4.186736e-001 5.585199e-001 
1
2
3 6 12 3 0 -1
9 6 6 3 0 2
haar_x2
-9.787274e-004 0 -1
7.393306e-001 -7.400876e-001 
1
2
9 5 4 4 0 -1
9 5 2 4 0 2
haar_x2
3.513316e-004 0 -1
-3.236133e-001 5.055295e-001 
1
3
5 6 8 4 0 -1
5 6 4 2 0 2
9 8 4 2 0 2
haar_x2_y2
-2.157815e-004 0 -1
8.513031e-001 -7.103265e-001 
1
2
16 9 2 6 0 -1
16 11 2 2 0 3
haar_y3
-5.698461e-003 0 -1
6.481383e-001 -2.413104e-001 
1
2
6 7 8 4 0 -1
10 7 4 4 0 2
haar_x2
7.273620e-004 0 -1
-5.409285e-001 5.987214e-001 
1
2
11 10 1 3 0 -1
11 11 1 1 0 3
haar_y3
-1.959156e-004 0 -1
3.689418e-001 -4.968044e-001 
1
3
3 6 14 10 0 -1
3 6 7 5 0 2
10 11 7 5 0 2
haar_x2_y2
3.817788e-003 0 -1
-5.018081e-001 7.666005e-001 
1
2
7 4 12 12 0 -1
7 10 12 6 0 2
haar_y2
1.492851e-003 0 -1
-5.650380e-001 4.881003e-001 
1
3
2 3 16 14 0 -1
2 3 8 7 0 2
10 10 8 7 0 2
haar_x2_y2
-1.276609e-004 0 -1
6.906655e-001 -8.427821e-001 
1
3
9 8 2 12 0 -1
10 8 1 6 0 2
9 14 1 6 0 2
haar_x2_y2
-3.380819e-004 0 -1
6.812748e-001 -6.733081e-001 
1
2
6 8 1 3 0 -1
6 9 1 1 0 3
haar_y3
-1.564139e-004 0 -1
7.278943e-001 -4.738729e-001 
1
2
15 1 1 10 0 -1
15 6 1 5 0 2
haar_y2
-5.396978e-004 0 -1
4.458182e-001 -2.714231e-001 
1
2
7 2 3 7 0 -1
8 2 1 7 0 3
haar_x3
-3.405971e-005 0 -1
5.309005e-001 -4.154192e-001 
1
2
8 10 12 3 0 -1
12 10 4 3 0 3
haar_x3
4.119649e-003 0 -1
-2.754460e-001 3.460145e-001 
1
2
7 5 2 3 0 -1
7 6 2 1 0 3
haar_y3
-9.833802e-004 0 -1
6.012214e-001 -4.229605e-001 
1
2
11 6 1 2 0 -1
11 7 1 1 0 2
haar_y2
-1.100513e-004 0 -1
3.567528e-001 -1.873177e-001 
1
2
1 9 12 4 0 -1
5 9 4 4 0 3
haar_x3
2.380885e-003 0 -1
-2.910739e-001 7.649589e-001 
1
2
13 14 3 6 0 -1
14 14 1 6 0 3
haar_x3
2.607437e-004 0 -1
-3.286383e-001 2.661079e-001 
1
2
6 10 3 1 0 -1
7 10 1 1 0 3
haar_x3
2.864669e-004 0 -1
-4.697688e-001 6.154542e-001 
1
2
10 1 3 12 0 -1
11 1 1 12 0 3
haar_x3
-2.015410e-003 0 -1
3.110753e-001 -4.989265e-001 
1
2
6 9 3 3 0 -1
7 9 1 3 0 3
haar_x3
-2.911142e-003 0 -1
7.539284e-001 -4.544022e-001 
1
2
13 6 3 3 0 -1
13 7 3 1 0 3
haar_y3
-2.558469e-003 0 -1
5.387697e-001 -1.362808e-001 
1
2
4 6 3 3 0 -1
4 7 3 1 0 3
haar_y3
-3.699531e-005 0 -1
5.789610e-001 -5.152909e-001 
1
3
17 10 2 2 0 -1
18 10 1 1 0 2
17 11 1 1 0 2
haar_x2_y2
-3.234045e-004 0 -1
3.740225e-001 -2.461694e-001 
1
2
2 1 16 16 0 -1
10 1 8 16 0 2
haar_x2
-6.066896e-003 0 -1
5.199119e-001 -3.951992e-001 
1
3
11 3 2 8 0 -1
12 3 1 4 0 2
11 7 1 4 0 2
haar_x2_y2
1.532447e-002 0 -1
7.017418e-002 -6.886079e-001 
1
3
7 3 2 8 0 -1
7 3 1 4 0 2
8 7 1 4 0 2
haar_x2_y2
-3.192815e-005 0 -1
5.796123e-001 -2.790047e-001 
1
2
17 4 2 2 0 -1
17 5 2 1 0 2
haar_y2
4.133376e-003 0 -1
1.110712e-001 -4.576152e-001 
1
3
1 15 16 4 0 -1
1 15 8 2 0 2
9 17 8 2 0 2
haar_x2_y2
-3.121692e-002 0 -1
9.371699e-001 -1.728096e-001 
1
2
3 7 15 2 0 -1
3 8 15 1 0 2
haar_y2
-4.657780e-003 0 -1
5.662377e-001 -1.689638e-001 
1
2
2 11 2 1 0 -1
3 11 1 1 0 2
haar_x2
-6.390574e-004 0 -1
6.081586e-001 -2.550009e-001 
1
2
5 9 10 3 0 -1
5 10 10 1 0 3
haar_y3
1.947606e-002 0 -1
1.775128e-001 -9.462932e-001 
1
2
7 11 4 2 0 -1
9 11 2 2 0 2
haar_x2
6.383340e-003 0 -1
2.040528e-001 -6.177884e-001 
1
2
17 0 3 3 0 -1
18 0 1 3 0 3
haar_x3
-5.333330e-003 0 -1
-6.178186e-001 9.071380e-002 
1
2
2 1 2 1 0 -1
3 1 1 1 0 2
haar_x2
3.910286e-004 0 -1
2.985420e-001 -5.064548e-001 
1
2
2 5 18 5 0 -1
8 5 6 5 0 3
haar_x3
2.962303e-002 0 -1
-1.493042e-001 3.657288e-001 
1
2
2 9 16 4 0 -1
10 9 8 4 0 2
haar_x2
3.426928e-002 0 -1
2.685094e-001 -6.809312e-001 
1
2
8 8 4 2 0 -1
8 8 2 2 0 2
haar_x2
4.300682e-003 0 -1
1.725184e-001 -7.533582e-001 
1
2
0 10 3 10 0 -1
1 10 1 10 0 3
haar_x3
1.023482e-002 0 -1
-2.870415e-001 5.513871e-001 
1
3
18 7 2 12 0 -1
19 7 1 6 0 2
18 13 1 6 0 2
haar_x2_y2
-1.516703e-002 0 -1
5.105487e-001 -3.954960e-002 
1
3
0 7 2 12 0 -1
0 7 1 6 0 2
1 13 1 6 0 2
haar_x2_y2
-2.513827e-003 0 -1
4.858009e-001 -3.269649e-001 
1
2
16 13 2 2 0 -1
16 14 2 1 0 2
haar_y2
-1.679289e-003 0 -1
1.645582e-001 -4.161729e-002 
1
2
2 13 2 2 0 -1
2 14 2 1 0 2
haar_y2
1.205843e-003 0 -1
-3.695422e-001 5.022267e-001 
1
2
14 12 5 6 0 -1
14 14 5 2 0 3
haar_y3
3.360115e-002 0 -1
-6.003026e-002 7.962750e-001 
1
2
7 2 4 6 0 -1
7 4 4 2 0 3
haar_y3
-2.876440e-002 0 -1
8.956130e-001 -1.524554e-001 
1
2
18 0 2 1 0 -1
18 0 1 1 0 2
haar_x2
-4.835028e-005 0 -1
-4.968134e-001 4.375532e-001 
1
3
0 6 20 10 0 -1
0 6 10 5 0 2
10 11 10 5 0 2
haar_x2_y2
-3.985900e-002 0 -1
-4.670507e-001 3.350174e-001 
1
2
15 3 2 6 0 -1
15 5 2 2 0 3
haar_y3
9.562366e-003 0 -1
-1.384646e-001 4.527257e-001 
1
2
4 9 3 1 0 -1
5 9 1 1 0 3
haar_x3
-5.735194e-004 0 -1
4.210640e-001 -3.713465e-001 
1
2
11 8 2 2 0 -1
11 8 1 2 0 2
haar_x2
9.594257e-004 0 -1
-2.363556e-001 3.110815e-001 
1
2
6 12 7 6 0 -1
6 14 7 2 0 3
haar_y3
-3.945501e-002 0 -1
7.774073e-001 -2.025760e-001 
1
3
8 5 4 8 0 -1
10 5 2 4 0 2
8 9 2 4 0 2
haar_x2_y2
-1.178550e-002 0 -1
-5.847294e-001 2.535238e-001 
-7.025036e+000

4
-1
