47
1
2
7 3 6 8 0 -1
7 7 6 4 0 2
haar_y2
2.627946e-002 0 -1
-2.417494e-001 2.552812e-001 
1
2
8 10 10 2 0 -1
8 10 5 2 0 2
haar_x2
3.084369e-002 0 -1
3.807894e-002 -6.768597e-001 
1
2
0 5 2 10 0 -1
1 5 1 10 0 2
haar_x2
1.154418e-002 0 -1
-2.139311e-001 2.542031e-001 
1
2
5 17 11 3 0 -1
5 18 11 1 0 3
haar_y3
1.310685e-002 0 -1
-1.281804e-001 3.818663e-001 
1
2
5 7 9 3 0 -1
8 7 3 3 0 3
haar_x3
1.929975e-002 0 -1
9.175028e-002 -5.172164e-001 
1
2
8 10 10 1 0 -1
8 10 5 1 0 2
haar_x2
-1.497133e-002 0 -1
-5.551546e-001 2.268583e-002 
1
2
2 10 10 1 0 -1
7 10 5 1 0 2
haar_x2
1.397645e-002 0 -1
6.030926e-002 -7.429760e-001 
1
2
16 6 3 9 0 -1
16 9 3 3 0 3
haar_y3
9.167890e-002 0 -1
-3.271875e-002 8.454193e-001 
1
2
1 6 3 9 0 -1
1 9 3 3 0 3
haar_y3
9.412431e-004 0 -1
2.191195e-001 -2.901404e-001 
1
2
17 4 1 12 0 -1
17 8 1 4 0 3
haar_y3
-2.405364e-003 0 -1
1.137370e-001 -1.334246e-001 
1
2
2 4 1 12 0 -1
2 8 1 4 0 3
haar_y3
2.973683e-002 0 -1
-9.088139e-002 6.511484e-001 
1
2
12 9 2 2 0 -1
12 9 1 2 0 2
haar_x2
-2.708141e-003 0 -1
2.629144e-001 -6.475663e-002 
1
2
6 9 2 2 0 -1
7 9 1 2 0 2
haar_x2
4.380411e-003 0 -1
-1.643836e-001 4.050700e-001 
1
2
5 0 12 6 0 -1
5 2 12 2 0 3
haar_y3
8.006249e-002 0 -1
-6.536210e-002 5.321379e-001 
1
2
5 12 10 6 0 -1
5 14 10 2 0 3
haar_y3
-4.163659e-002 0 -1
3.721935e-001 -1.320065e-001 
1
2
16 13 2 4 0 -1
16 15 2 2 0 2
haar_y2
-9.272362e-003 0 -1
3.375706e-001 -6.201747e-002 
1
2
2 13 2 4 0 -1
2 15 2 2 0 2
haar_y2
-1.278217e-002 0 -1
6.042557e-001 -8.475539e-002 
1
3
11 10 2 4 0 -1
12 10 1 2 0 2
11 12 1 2 0 2
haar_x2_y2
-1.445382e-003 0 -1
1.755313e-001 -9.899372e-002 
1
2
3 7 9 4 0 -1
6 7 3 4 0 3
haar_x3
-3.112597e-002 0 -1
-4.653988e-001 1.141544e-001 
1
3
11 10 2 4 0 -1
12 10 1 2 0 2
11 12 1 2 0 2
haar_x2_y2
-1.383225e-002 0 -1
-6.394882e-001 1.056302e-002 
1
3
7 10 2 4 0 -1
7 10 1 2 0 2
8 12 1 2 0 2
haar_x2_y2
-3.647164e-003 0 -1
4.452317e-001 -1.329501e-001 
1
2
2 13 18 6 0 -1
2 15 18 2 0 3
haar_y3
5.180564e-002 0 -1
-1.020084e-001 3.686370e-001 
1
2
8 9 2 3 0 -1
8 10 2 1 0 3
haar_y3
5.088379e-003 0 -1
9.634873e-002 -5.116719e-001 
1
2
10 10 1 3 0 -1
10 11 1 1 0 3
haar_y3
-5.442844e-004 0 -1
9.693528e-002 -9.616052e-002 
1
2
1 5 2 9 0 -1
1 8 2 3 0 3
haar_y3
4.412474e-002 0 -1
-6.198286e-002 7.487157e-001 
1
2
10 10 2 3 0 -1
10 11 2 1 0 3
haar_y3
-6.957339e-003 0 -1
-3.642084e-001 5.944498e-002 
1
3
7 10 2 4 0 -1
7 10 1 2 0 2
8 12 1 2 0 2
haar_x2_y2
1.499370e-003 0 -1
-1.816770e-001 2.729900e-001 
1
2
11 9 2 2 0 -1
11 9 1 2 0 2
haar_x2
-1.045139e-002 0 -1
-7.836634e-001 1.622512e-002 
1
2
7 9 2 2 0 -1
8 9 1 2 0 2
haar_x2
3.529463e-003 0 -1
-1.123203e-001 4.036816e-001 
1
2
9 0 8 2 0 -1
9 1 8 1 0 2
haar_y2
1.996608e-002 0 -1
-3.220725e-002 4.596918e-001 
1
2
6 10 3 2 0 -1
6 11 3 1 0 2
haar_y2
3.713645e-003 0 -1
9.126298e-002 -5.154945e-001 
1
3
7 15 12 4 0 -1
13 15 6 2 0 2
7 17 6 2 0 2
haar_x2_y2
3.332652e-002 0 -1
-7.539537e-002 3.252783e-001 
1
2
4 9 3 1 0 -1
5 9 1 1 0 3
haar_x3
-2.329686e-003 0 -1
3.231052e-001 -1.465431e-001 
1
2
10 0 7 2 0 -1
10 1 7 1 0 2
haar_y2
-1.428257e-002 0 -1
-3.664575e-001 2.859957e-002 
1
2
2 8 4 1 0 -1
4 8 2 1 0 2
haar_x2
-3.294076e-004 0 -1
-2.218447e-001 2.306188e-001 
1
2
10 8 6 4 0 -1
12 8 2 4 0 3
haar_x3
3.459612e-002 0 -1
5.208062e-002 -8.816636e-001 
1
2
4 8 6 4 0 -1
6 8 2 4 0 3
haar_x3
3.515270e-002 0 -1
3.196591e-002 -9.999827e-001 
1
2
10 10 2 3 0 -1
10 11 2 1 0 3
haar_y3
-2.837696e-003 0 -1
-1.174659e-001 2.973210e-002 
1
2
7 12 3 1 0 -1
8 12 1 1 0 3
haar_x3
-2.368237e-003 0 -1
3.339260e-001 -1.429460e-001 
1
2
10 11 2 2 0 -1
10 12 2 1 0 2
haar_y2
7.078454e-003 0 -1
2.360470e-002 -7.251928e-001 
1
2
8 11 2 2 0 -1
8 12 2 1 0 2
haar_y2
-7.635375e-003 0 -1
-8.103670e-001 4.908321e-002 
1
2
10 10 2 3 0 -1
10 11 2 1 0 3
haar_y3
-3.874380e-004 0 -1
4.879606e-002 -8.117639e-002 
1
2
8 10 2 3 0 -1
8 11 2 1 0 3
haar_y3
-3.244283e-003 0 -1
-4.646952e-001 1.025299e-001 
1
2
12 6 3 3 0 -1
12 7 3 1 0 3
haar_y3
1.990798e-002 0 -1
1.960889e-002 -9.546142e-001 
1
2
0 9 1 6 0 -1
0 11 1 2 0 3
haar_y3
-8.155528e-003 0 -1
-5.389318e-001 7.430413e-002 
1
2
8 8 6 2 0 -1
10 8 2 2 0 3
haar_x3
-1.557069e-002 0 -1
-7.193357e-001 3.876721e-002 
1
2
4 9 2 6 0 -1
5 9 1 6 0 2
haar_x2
-2.243293e-002 0 -1
-9.311553e-001 3.962834e-002 
-1.188483e+000

8
-1
