27
1
2
8 4 4 12 0 -1
8 8 4 4 0 3
haar_y3
2.682139e-002 0 -1
-3.611971e-001 3.142904e-001 
1
2
14 4 6 12 0 -1
16 4 2 12 0 3
haar_x3
6.467823e-003 0 -1
-2.575275e-001 2.112069e-001 
1
2
5 10 2 2 0 -1
6 10 1 2 0 2
haar_x2
-1.217042e-003 0 -1
3.724232e-001 -2.654947e-001 
1
2
14 4 6 12 0 -1
16 4 2 12 0 3
haar_x3
-8.971156e-002 0 -1
-6.202180e-001 1.788952e-002 
1
2
0 4 6 12 0 -1
2 4 2 12 0 3
haar_x3
2.828771e-002 0 -1
-3.052257e-001 3.184683e-001 
1
2
6 8 9 4 0 -1
9 8 3 4 0 3
haar_x3
-2.601216e-002 0 -1
-7.048417e-001 2.964315e-002 
1
2
5 8 9 4 0 -1
8 8 3 4 0 3
haar_x3
2.718553e-002 0 -1
1.310681e-001 -7.322944e-001 
1
2
3 0 14 4 0 -1
3 2 14 2 0 2
haar_y2
2.630610e-002 0 -1
-2.108489e-001 4.054078e-001 
1
2
8 11 3 1 0 -1
9 11 1 1 0 3
haar_x3
3.094415e-003 0 -1
-1.734812e-001 4.313789e-001 
1
2
17 7 2 6 0 -1
17 9 2 2 0 3
haar_y3
-6.264078e-003 0 -1
2.597686e-001 -8.742155e-002 
1
2
1 10 18 2 0 -1
10 10 9 2 0 2
haar_x2
-2.089822e-002 0 -1
-5.968667e-001 1.079566e-001 
1
2
4 11 14 1 0 -1
4 11 7 1 0 2
haar_x2
-1.284584e-002 0 -1
-3.855777e-001 8.487773e-002 
1
2
3 9 10 2 0 -1
8 9 5 2 0 2
haar_x2
2.225387e-002 0 -1
8.932337e-002 -6.846159e-001 
1
2
9 7 3 2 0 -1
10 7 1 2 0 3
haar_x3
-2.226238e-003 0 -1
1.652496e-001 -1.000138e-001 
1
3
6 9 2 4 0 -1
6 9 1 2 0 2
7 11 1 2 0 2
haar_x2_y2
-2.089191e-003 0 -1
3.058800e-001 -1.989016e-001 
1
2
8 9 6 2 0 -1
8 9 3 2 0 2
haar_x2
-1.554974e-002 0 -1
-6.701468e-001 4.592786e-002 
1
2
6 9 6 2 0 -1
9 9 3 2 0 2
haar_x2
-5.688963e-003 0 -1
-5.315289e-001 1.032876e-001 
1
2
9 8 2 2 0 -1
9 8 1 2 0 2
haar_x2
2.718721e-003 0 -1
-1.623910e-001 3.974030e-001 
1
2
7 9 6 3 0 -1
9 9 2 3 0 3
haar_x3
1.723260e-002 0 -1
9.673405e-002 -6.736105e-001 
1
2
18 7 2 13 0 -1
18 7 1 13 0 2
haar_x2
8.402530e-003 0 -1
-1.714975e-001 2.513940e-001 
1
2
8 7 3 2 0 -1
9 7 1 2 0 3
haar_x3
-4.392906e-003 0 -1
4.530264e-001 -1.314503e-001 
1
2
17 3 1 15 0 -1
17 8 1 5 0 3
haar_y3
4.992451e-002 0 -1
-2.650818e-002 5.832300e-001 
1
2
2 3 1 15 0 -1
2 8 1 5 0 3
haar_y3
3.460705e-002 0 -1
-1.015831e-001 6.198812e-001 
1
2
1 14 18 4 0 -1
7 14 6 4 0 3
haar_x3
-1.037084e-002 0 -1
2.400069e-001 -2.732942e-001 
1
2
6 2 8 2 0 -1
6 3 8 1 0 2
haar_y2
-6.567177e-003 0 -1
3.802088e-001 -1.468883e-001 
1
3
11 13 8 6 0 -1
15 13 4 3 0 2
11 16 4 3 0 2
haar_x2_y2
3.179766e-002 0 -1
-7.662487e-002 3.704103e-001 
1
2
1 4 2 12 0 -1
1 8 2 4 0 3
haar_y3
-1.793098e-002 0 -1
3.454857e-001 -1.561954e-001 
-1.301252e+000

1
-1
