23
1
2
0 5 2 10 0 -1
1 5 1 10 0 2
haar_x2
1.031213e-002 0 -1
-3.246314e-001 4.780342e-001 
1
2
4 0 13 6 0 -1
4 2 13 2 0 3
haar_y3
3.270217e-002 0 -1
-2.450817e-001 5.075397e-001 
1
2
4 6 12 9 0 -1
4 9 12 3 0 3
haar_y3
2.926612e-002 0 -1
-3.348368e-001 3.343921e-001 
1
2
11 9 3 2 0 -1
12 9 1 2 0 3
haar_x3
-2.392941e-003 0 -1
2.739215e-001 -2.165422e-001 
1
2
6 9 3 2 0 -1
7 9 1 2 0 3
haar_x3
3.871846e-003 0 -1
-2.386251e-001 4.538854e-001 
1
2
7 9 9 4 0 -1
10 9 3 4 0 3
haar_x3
-2.320589e-002 0 -1
-7.025420e-001 1.472888e-001 
1
2
1 9 3 6 0 -1
1 11 3 2 0 3
haar_y3
-8.065410e-003 0 -1
4.121840e-001 -2.178531e-001 
1
2
6 8 9 5 0 -1
9 8 3 5 0 3
haar_x3
3.981058e-002 0 -1
8.448090e-002 -6.004288e-001 
1
2
8 11 3 1 0 -1
9 11 1 1 0 3
haar_x3
2.738988e-003 0 -1
-1.723771e-001 5.327496e-001 
1
2
10 9 3 3 0 -1
11 9 1 3 0 3
haar_x3
4.067509e-003 0 -1
-1.301790e-001 2.874401e-001 
1
2
7 9 3 3 0 -1
8 9 1 3 0 3
haar_x3
6.572086e-003 0 -1
-2.032578e-001 5.678034e-001 
1
2
7 8 9 5 0 -1
10 8 3 5 0 3
haar_x3
-5.127189e-002 0 -1
-7.014408e-001 6.420660e-002 
1
2
1 3 18 15 0 -1
7 3 6 15 0 3
haar_x3
-4.446416e-002 0 -1
2.862833e-001 -2.849631e-001 
1
2
7 8 9 3 0 -1
10 8 3 3 0 3
haar_x3
-2.417483e-002 0 -1
-6.425975e-001 5.244897e-002 
1
2
4 8 9 3 0 -1
7 8 3 3 0 3
haar_x3
-2.631132e-002 0 -1
-8.077273e-001 1.096207e-001 
1
2
13 2 2 4 0 -1
13 4 2 2 0 2
haar_y2
5.926239e-003 0 -1
-1.136846e-001 3.063530e-001 
1
2
1 14 18 6 0 -1
1 16 18 2 0 3
haar_y3
3.667560e-002 0 -1
-1.811629e-001 3.988102e-001 
1
3
9 6 4 2 0 -1
11 6 2 1 0 2
9 7 2 1 0 2
haar_x2_y2
7.113825e-004 0 -1
-1.675851e-001 2.465329e-001 
1
2
1 8 3 5 0 -1
2 8 1 5 0 3
haar_x3
7.048305e-003 0 -1
-1.593585e-001 4.362559e-001 
1
2
6 9 9 3 0 -1
9 9 3 3 0 3
haar_x3
4.374077e-002 0 -1
5.474269e-002 -7.431737e-001 
1
3
4 2 12 4 0 -1
4 2 6 2 0 2
10 4 6 2 0 2
haar_x2_y2
-2.491874e-002 0 -1
5.391050e-001 -1.470380e-001 
1
3
7 13 6 2 0 -1
10 13 3 1 0 2
7 14 3 1 0 2
haar_x2_y2
2.699872e-003 0 -1
-1.685060e-001 4.025092e-001 
1
3
6 7 2 4 0 -1
6 7 1 2 0 2
7 9 1 2 0 2
haar_x2_y2
1.734171e-003 0 -1
-2.176082e-001 3.099223e-001 
-1.288267e+000

0
-1
