51
1
2
6 5 8 4 0 -1
6 7 8 2 0 2
haar_y2
2.135149e-002 0 -1
-2.109041e-001 4.139972e-001 
1
2
16 5 4 11 0 -1
16 5 2 11 0 2
haar_x2
1.388448e-002 0 -1
-8.308918e-002 1.274538e-001 
1
2
0 5 4 11 0 -1
2 5 2 11 0 2
haar_x2
5.225945e-003 0 -1
-3.669209e-001 1.976702e-001 
1
2
17 6 2 9 0 -1
17 9 2 3 0 3
haar_y3
-1.719289e-002 0 -1
3.447179e-001 -2.026223e-001 
1
2
3 10 2 2 0 -1
4 10 1 2 0 2
haar_x2
8.384074e-004 0 -1
-1.993883e-001 3.360019e-001 
1
2
2 9 16 6 0 -1
2 12 16 3 0 2
haar_y2
-1.185552e-004 0 -1
1.408290e-001 -4.245533e-001 
1
3
0 2 8 6 0 -1
0 2 4 3 0 2
4 5 4 3 0 2
haar_x2_y2
-1.555099e-002 0 -1
3.627115e-001 -1.857414e-001 
1
2
2 9 16 2 0 -1
2 9 8 2 0 2
haar_x2
3.188922e-002 0 -1
7.727279e-002 -7.766253e-001 
1
2
2 10 10 1 0 -1
7 10 5 1 0 2
haar_x2
1.173183e-002 0 -1
7.046749e-002 -6.904549e-001 
1
2
12 10 2 1 0 -1
12 10 1 1 0 2
haar_x2
-5.855761e-004 0 -1
1.771621e-001 -1.188587e-001 
1
2
6 10 2 1 0 -1
7 10 1 1 0 2
haar_x2
1.887949e-003 0 -1
-1.863897e-001 3.589708e-001 
1
2
11 0 8 6 0 -1
11 2 8 2 0 3
haar_y3
3.646654e-002 0 -1
-6.300537e-002 2.338798e-001 
1
2
1 0 8 6 0 -1
1 2 8 2 0 3
haar_y3
3.030103e-002 0 -1
-1.472785e-001 4.033577e-001 
1
2
7 2 10 6 0 -1
7 4 10 2 0 3
haar_y3
2.774623e-002 0 -1
-9.369759e-002 3.407728e-001 
1
2
7 8 6 3 0 -1
9 8 2 3 0 3
haar_x3
1.404690e-002 0 -1
7.772561e-002 -6.701924e-001 
1
2
9 8 3 2 0 -1
10 8 1 2 0 3
haar_x3
-2.368807e-003 0 -1
2.201553e-001 -1.596268e-001 
1
2
7 7 6 6 0 -1
9 7 2 6 0 3
haar_x3
-3.276058e-002 0 -1
-7.388780e-001 8.433137e-002 
1
2
15 12 4 2 0 -1
15 12 2 2 0 2
haar_x2
-9.132940e-003 0 -1
2.676428e-001 -9.117420e-002 
1
2
1 12 4 2 0 -1
3 12 2 2 0 2
haar_x2
-1.133523e-002 0 -1
5.260466e-001 -1.066063e-001 
1
3
7 2 10 4 0 -1
12 2 5 2 0 2
7 4 5 2 0 2
haar_x2_y2
2.078403e-002 0 -1
-5.555240e-002 2.993723e-001 
1
3
4 2 6 4 0 -1
4 2 3 2 0 2
7 4 3 2 0 2
haar_x2_y2
-1.138359e-002 0 -1
4.056931e-001 -1.254737e-001 
1
3
12 4 6 2 0 -1
15 4 3 1 0 2
12 5 3 1 0 2
haar_x2_y2
4.707139e-003 0 -1
-9.483561e-002 3.223201e-001 
1
3
3 4 4 2 0 -1
3 4 2 1 0 2
5 5 2 1 0 2
haar_x2_y2
2.398341e-003 0 -1
-1.313655e-001 3.471267e-001 
1
2
17 7 2 9 0 -1
17 10 2 3 0 3
haar_y3
-9.307532e-003 0 -1
2.236237e-001 -1.255322e-001 
1
2
3 14 3 4 0 -1
3 16 3 2 0 2
haar_y2
-1.802910e-002 0 -1
6.332148e-001 -7.618403e-002 
1
2
8 12 12 7 0 -1
12 12 4 7 0 3
haar_x3
8.512130e-002 0 -1
-9.186888e-002 4.823821e-001 
1
2
3 14 9 5 0 -1
6 14 3 5 0 3
haar_x3
6.379740e-002 0 -1
-8.678982e-002 6.233338e-001 
1
2
17 7 2 9 0 -1
17 10 2 3 0 3
haar_y3
2.752330e-002 0 -1
-8.006840e-002 4.091395e-001 
1
2
0 11 9 2 0 -1
3 11 3 2 0 3
haar_x3
4.025622e-003 0 -1
-2.455122e-001 2.213070e-001 
1
3
13 7 2 2 0 -1
14 7 1 1 0 2
13 8 1 1 0 2
haar_x2_y2
1.132902e-003 0 -1
-9.645232e-002 1.725129e-001 
1
3
3 3 10 10 0 -1
3 3 5 5 0 2
8 8 5 5 0 2
haar_x2_y2
6.669699e-005 0 -1
-2.868842e-001 1.845465e-001 
1
2
14 4 4 9 0 -1
14 4 2 9 0 2
haar_x2
-1.241562e-002 0 -1
2.067689e-001 -1.793408e-001 
1
3
5 7 2 2 0 -1
5 7 1 1 0 2
6 8 1 1 0 2
haar_x2_y2
1.553015e-003 0 -1
-1.398038e-001 4.200141e-001 
1
2
15 1 3 10 0 -1
16 1 1 10 0 3
haar_x3
-3.074986e-003 0 -1
1.353385e-001 -1.320120e-001 
1
2
2 1 3 10 0 -1
3 1 1 10 0 3
haar_x3
1.179862e-003 0 -1
-2.652876e-001 2.714721e-001 
1
3
7 8 10 10 0 -1
12 8 5 5 0 2
7 13 5 5 0 2
haar_x2_y2
-5.827330e-003 0 -1
1.576557e-001 -2.174284e-001 
1
3
3 8 10 10 0 -1
3 8 5 5 0 2
8 13 5 5 0 2
haar_x2_y2
-4.794092e-003 0 -1
2.690070e-001 -2.870652e-001 
1
2
17 5 2 12 0 -1
17 9 2 4 0 3
haar_y3
-3.241772e-003 0 -1
1.799491e-001 -1.481091e-001 
1
2
1 5 2 12 0 -1
1 9 2 4 0 3
haar_y3
3.837691e-002 0 -1
-1.330016e-001 5.529759e-001 
1
2
15 4 4 5 0 -1
15 4 2 5 0 2
haar_x2
1.856990e-002 0 -1
-1.295070e-001 4.544988e-001 
1
2
0 1 2 16 0 -1
1 1 1 16 0 2
haar_x2
9.445322e-004 0 -1
-4.352824e-001 2.117854e-001 
1
3
7 11 6 2 0 -1
10 11 3 1 0 2
7 12 3 1 0 2
haar_x2_y2
-4.183596e-004 0 -1
2.713342e-001 -4.087561e-001 
1
2
0 18 16 2 0 -1
0 19 16 1 0 2
haar_y2
-1.383158e-003 0 -1
2.986317e-001 -3.348304e-001 
1
3
14 4 6 4 0 -1
17 4 3 2 0 2
14 6 3 2 0 2
haar_x2_y2
-5.910843e-003 0 -1
2.906126e-001 -1.306060e-001 
1
2
2 8 1 6 0 -1
2 10 1 2 0 3
haar_y3
-6.541753e-004 0 -1
2.997515e-001 -2.507132e-001 
1
2
17 6 1 6 0 -1
17 8 1 2 0 3
haar_y3
6.932418e-003 0 -1
-7.755024e-002 3.324134e-001 
1
2
2 6 1 6 0 -1
2 8 1 2 0 3
haar_y3
-8.596153e-005 0 -1
2.620166e-001 -3.259853e-001 
1
2
4 3 14 12 0 -1
4 7 14 4 0 3
haar_y3
1.439808e-002 0 -1
-1.901151e-001 1.637767e-001 
1
3
2 3 4 8 0 -1
2 3 2 4 0 2
4 7 2 4 0 2
haar_x2_y2
-1.489043e-002 0 -1
4.620353e-001 -2.076030e-001 
1
2
14 12 4 1 0 -1
14 12 2 1 0 2
haar_x2
-2.112958e-003 0 -1
2.121721e-001 -8.284859e-002 
1
2
7 11 6 1 0 -1
10 11 3 1 0 2
haar_x2
-6.030709e-003 0 -1
-7.219482e-001 8.789259e-002 
-1.734689e+000

3
-1
