37
1
2
0 3 2 14 0 -1
1 3 1 14 0 2
haar_x2
1.550890e-002 0 -1
-2.496745e-001 4.226034e-001 
1
2
4 6 12 9 0 -1
4 9 12 3 0 3
haar_y3
1.108080e-002 0 -1
-4.519108e-001 2.343715e-001 
1
2
3 18 14 2 0 -1
3 19 14 1 0 2
haar_y2
-1.172463e-002 0 -1
4.576198e-001 -1.926168e-001 
1
2
11 9 2 2 0 -1
11 9 1 2 0 2
haar_x2
1.911659e-003 0 -1
-1.843580e-001 2.591147e-001 
1
2
7 9 2 2 0 -1
8 9 1 2 0 2
haar_x2
-4.091758e-003 0 -1
4.844444e-001 -1.486495e-001 
1
2
10 10 3 1 0 -1
11 10 1 1 0 3
haar_x3
-1.936024e-003 0 -1
4.305723e-001 -1.263505e-001 
1
2
7 10 2 1 0 -1
8 10 1 1 0 2
haar_x2
2.367644e-003 0 -1
-1.518090e-001 5.567405e-001 
1
2
9 8 3 5 0 -1
10 8 1 5 0 3
haar_x3
-3.118237e-003 0 -1
2.873689e-001 -2.238937e-001 
1
2
5 7 9 4 0 -1
8 7 3 4 0 3
haar_x3
-2.735289e-002 0 -1
-6.645210e-001 1.103114e-001 
1
3
8 1 10 6 0 -1
13 1 5 3 0 2
8 4 5 3 0 2
haar_x2_y2
-3.285291e-002 0 -1
3.923525e-001 -1.265912e-001 
1
2
8 9 4 2 0 -1
10 9 2 2 0 2
haar_x2
-6.209380e-003 0 -1
-6.999757e-001 8.241973e-002 
1
3
4 2 14 4 0 -1
11 2 7 2 0 2
4 4 7 2 0 2
haar_x2_y2
3.028552e-002 0 -1
-1.175026e-001 5.124289e-001 
1
3
2 12 12 4 0 -1
2 12 6 2 0 2
8 14 6 2 0 2
haar_x2_y2
-1.644393e-002 0 -1
3.509748e-001 -1.801503e-001 
1
2
14 1 6 14 0 -1
16 1 2 14 0 3
haar_x3
2.311109e-002 0 -1
-1.064346e-001 1.839043e-001 
1
2
0 3 6 10 0 -1
2 3 2 10 0 3
haar_x3
2.936015e-002 0 -1
-2.167150e-001 3.012737e-001 
1
3
13 3 6 14 0 -1
16 3 3 7 0 2
13 10 3 7 0 2
haar_x2_y2
-3.970770e-002 0 -1
2.754562e-001 -1.066737e-001 
1
3
1 2 6 14 0 -1
1 2 3 7 0 2
4 9 3 7 0 2
haar_x2_y2
-3.542175e-002 0 -1
4.387879e-001 -1.711085e-001 
1
2
14 11 4 2 0 -1
14 11 2 2 0 2
haar_x2
2.856084e-003 0 -1
-1.294267e-001 2.690088e-001 
1
2
2 11 4 2 0 -1
4 11 2 2 0 2
haar_x2
3.227648e-003 0 -1
-2.585609e-001 3.647614e-001 
1
2
17 11 1 8 0 -1
17 15 1 4 0 2
haar_y2
-7.710795e-003 0 -1
2.531748e-001 -1.490771e-001 
1
2
2 11 1 8 0 -1
2 15 1 4 0 2
haar_y2
-1.126767e-002 0 -1
5.422704e-001 -1.440152e-001 
1
3
11 15 6 2 0 -1
14 15 3 1 0 2
11 16 3 1 0 2
haar_x2_y2
-2.191288e-003 0 -1
2.409233e-001 -1.122084e-001 
1
3
3 15 6 2 0 -1
3 15 3 1 0 2
6 16 3 1 0 2
haar_x2_y2
-3.816828e-003 0 -1
4.810858e-001 -1.527785e-001 
1
2
3 5 15 1 0 -1
8 5 5 1 0 3
haar_x3
-5.185512e-003 0 -1
2.514791e-001 -2.043508e-001 
1
2
8 7 3 2 0 -1
8 8 3 1 0 2
haar_y2
-4.834872e-004 0 -1
2.990003e-001 -2.202048e-001 
1
2
11 9 6 3 0 -1
11 9 3 3 0 2
haar_x2
7.058685e-003 0 -1
6.697860e-002 -1.601745e-001 
1
2
3 8 6 4 0 -1
6 8 3 4 0 2
haar_x2
-2.085646e-002 0 -1
-5.513791e-001 1.295599e-001 
1
2
12 5 6 8 0 -1
12 5 3 8 0 2
haar_x2
-8.179596e-002 0 -1
-8.884151e-001 1.338551e-002 
1
2
2 5 6 8 0 -1
5 5 3 8 0 2
haar_x2
-4.005916e-004 0 -1
2.224962e-001 -3.255281e-001 
1
2
6 9 12 3 0 -1
6 10 12 1 0 3
haar_y3
-1.312012e-002 0 -1
-6.803437e-001 9.317154e-002 
1
2
2 17 9 1 0 -1
5 17 3 1 0 3
haar_x3
2.352865e-002 0 -1
-7.698254e-002 8.448603e-001 
1
3
10 3 2 8 0 -1
11 3 1 4 0 2
10 7 1 4 0 2
haar_x2_y2
6.980772e-004 0 -1
-1.559651e-001 1.787403e-001 
1
3
8 0 2 14 0 -1
8 0 1 7 0 2
9 7 1 7 0 2
haar_x2_y2
2.573896e-003 0 -1
-2.811913e-001 2.921060e-001 
1
2
14 8 4 1 0 -1
14 8 2 1 0 2
haar_x2
-5.994571e-004 0 -1
1.270233e-001 -1.476097e-001 
1
2
1 14 17 2 0 -1
1 15 17 1 0 2
haar_y2
7.171398e-003 0 -1
-1.765043e-001 4.137030e-001 
1
2
7 14 8 3 0 -1
7 15 8 1 0 3
haar_y3
-9.304109e-004 0 -1
2.042364e-001 -2.628324e-001 
1
3
2 10 14 10 0 -1
2 10 7 5 0 2
9 15 7 5 0 2
haar_x2_y2
2.455569e-002 0 -1
-1.912952e-001 4.024224e-001 
-1.411200e+000

2
-1
